5.4800E-02	1.6130E+26	7.6280E+24
5.5790E-02	1.6260E+26	7.9560E+24
5.6880E-02	1.6400E+26	8.3160E+24
5.8080E-02	1.6540E+26	8.7090E+24
5.9410E-02	1.6690E+26	9.1380E+24
6.0870E-02	1.6840E+26	9.6050E+24
6.2470E-02	1.6990E+26	1.0110E+25
6.4220E-02	1.7140E+26	1.0670E+25
6.6150E-02	1.7300E+26	1.1260E+25
6.8250E-02	1.7450E+26	1.1910E+25
7.0540E-02	1.7610E+26	1.2600E+25
7.3040E-02	1.7760E+26	1.3350E+25
7.5750E-02	1.7900E+26	1.4140E+25
7.8680E-02	1.8040E+26	1.4990E+25
8.1840E-02	1.8170E+26	1.5890E+25
8.5240E-02	1.8290E+26	1.6850E+25
8.8880E-02	1.8400E+26	1.7850E+25
9.2770E-02	1.8490E+26	1.8900E+25
9.7000E-02	1.8600E+26	2.0040E+25
1.0140E-01	1.8660E+26	2.1180E+25
1.0600E-01	1.8690E+26	2.2350E+25
1.1090E-01	1.8700E+26	2.3560E+25
1.1600E-01	1.8690E+26	2.4790E+25
1.2130E-01	1.8650E+26	2.6040E+25
1.2680E-01	1.8590E+26	2.7300E+25
1.3250E-01	1.8490E+26	2.8560E+25
1.3830E-01	1.8370E+26	2.9820E+25
1.4430E-01	1.8230E+26	3.1060E+25
1.5040E-01	1.8050E+26	3.2280E+25
1.5660E-01	1.7850E+26	3.3480E+25
1.6280E-01	1.7630E+26	3.4630E+25
1.6910E-01	1.7380E+26	3.5740E+25
1.7540E-01	1.7110E+26	3.6800E+25
1.8170E-01	1.6820E+26	3.7810E+25
1.8800E-01	1.6510E+26	3.8760E+25
1.9420E-01	1.6190E+26	3.9640E+25
2.0040E-01	1.5860E+26	4.0510E+25
2.0660E-01	1.5510E+26	4.1260E+25
2.1260E-01	1.5150E+26	4.1950E+25
2.1860E-01	1.4790E+26	4.2560E+25
2.2450E-01	1.4420E+26	4.3110E+25
2.3030E-01	1.4050E+26	4.3600E+25
2.3610E-01	1.3680E+26	4.4020E+25
2.4170E-01	1.3310E+26	4.4380E+25
2.4730E-01	1.2940E+26	4.4680E+25
2.5280E-01	1.2570E+26	4.4920E+25
2.5830E-01	1.2210E+26	4.5110E+25
2.6370E-01	1.1850E+26	4.5250E+25
2.6900E-01	1.1500E+26	4.5340E+25
2.7430E-01	1.1160E+26	4.5390E+25
2.7950E-01	1.0820E+26	4.5400E+25
2.8470E-01	1.0490E+26	4.5380E+25
2.9000E-01	1.0170E+26	4.5310E+25
2.9510E-01	9.8570E+25	4.5210E+25
3.0030E-01	9.5520E+25	4.5080E+25
3.0550E-01	9.2560E+25	4.4920E+25
3.1070E-01	8.9670E+25	4.4730E+25
3.1600E-01	8.6870E+25	4.4520E+25
3.2120E-01	8.4160E+25	4.4290E+25
3.2650E-01	8.1520E+25	4.4040E+25
3.3180E-01	7.8970E+25	4.3770E+25
3.3720E-01	7.6500E+25	4.3490E+25
3.4270E-01	7.4100E+25	4.3190E+25
3.4820E-01	7.1780E+25	4.2870E+25
3.5380E-01	6.9530E+25	4.2550E+25
3.5940E-01	6.7350E+25	4.2140E+25
3.6520E-01	6.5240E+25	4.1790E+25
3.7100E-01	6.3200E+25	4.1440E+25
3.7690E-01	6.1230E+25	4.1080E+25
3.8290E-01	5.9310E+25	4.0710E+25
3.8900E-01	5.7460E+25	4.0330E+25
3.9520E-01	5.5670E+25	3.9950E+25
4.0160E-01	5.3940E+25	3.9570E+25
4.0800E-01	5.2260E+25	3.9180E+25
4.1460E-01	5.0640E+25	3.8780E+25
4.2130E-01	4.9060E+25	3.8390E+25
4.2810E-01	4.7540E+25	3.7990E+25
4.3500E-01	4.6070E+25	3.7590E+25
4.4210E-01	4.4640E+25	3.7190E+25
4.4940E-01	4.3260E+25	3.6780E+25
4.5680E-01	4.1930E+25	3.6380E+25
4.6430E-01	4.0640E+25	3.5970E+25
4.7200E-01	3.9390E+25	3.5570E+25
4.7990E-01	3.8180E+25	3.5160E+25
4.8800E-01	3.7000E+25	3.4760E+25
4.9620E-01	3.5870E+25	3.4350E+25
5.0460E-01	3.4770E+25	3.3950E+25
5.1320E-01	3.3710E+25	3.3550E+25
5.2200E-01	3.2680E+25	3.3110E+25
5.3090E-01	3.1680E+25	3.2710E+25
5.4010E-01	3.0720E+25	3.2310E+25
5.4960E-01	2.9790E+25	3.1910E+25
5.5920E-01	2.8880E+25	3.1520E+25
5.6900E-01	2.8010E+25	3.1130E+25
5.7910E-01	2.7160E+25	3.0740E+25
5.8950E-01	2.6340E+25	3.0350E+25
6.0000E-01	2.5550E+25	2.9960E+25
6.1090E-01	2.4780E+25	2.9580E+25
6.2200E-01	2.4040E+25	2.9230E+25
6.3340E-01	2.3310E+25	2.8850E+25
6.4500E-01	2.2620E+25	2.8480E+25
6.5700E-01	2.1940E+25	2.8100E+25
6.6920E-01	2.1280E+25	2.7730E+25
6.8170E-01	2.0650E+25	2.7370E+25
6.9460E-01	2.0040E+25	2.7010E+25
7.0780E-01	1.9440E+25	2.6650E+25
7.2130E-01	1.8860E+25	2.6290E+25
7.3520E-01	1.8300E+25	2.5940E+25
7.4940E-01	1.7760E+25	2.5610E+25
7.6400E-01	1.7240E+25	2.5270E+25
7.7900E-01	1.6730E+25	2.4930E+25
7.9440E-01	1.6240E+25	2.4590E+25
8.1020E-01	1.5760E+25	2.4250E+25
8.2640E-01	1.5300E+25	2.3920E+25
8.4310E-01	1.4850E+25	2.3600E+25
8.6020E-01	1.4420E+25	2.3270E+25
8.7770E-01	1.4000E+25	2.2960E+25
8.9570E-01	1.3590E+25	2.2730E+25
9.1410E-01	1.3190E+25	2.2420E+25
9.3300E-01	1.2810E+25	2.2110E+25
9.5240E-01	1.2430E+25	2.1810E+25
9.7230E-01	1.2070E+25	2.1510E+25
9.9270E-01	1.1710E+25	2.1210E+25
1.0140E+00	1.1370E+25	2.0920E+25
1.0350E+00	1.1040E+25	2.0640E+25
1.0570E+00	1.0710E+25	2.0350E+25
1.0790E+00	1.0400E+25	2.0050E+25
1.1020E+00	1.0090E+25	1.9780E+25
1.1250E+00	9.7880E+24	1.9510E+25
1.1490E+00	9.4970E+24	1.9250E+25
1.1730E+00	9.2140E+24	1.8990E+25
1.1980E+00	8.9380E+24	1.8740E+25
1.2230E+00	8.6700E+24	1.8490E+25
1.2490E+00	8.4090E+24	1.8240E+25
1.2750E+00	8.1550E+24	1.8000E+25
1.3020E+00	7.9090E+24	1.7740E+25
1.3290E+00	7.6690E+24	1.7510E+25
1.3570E+00	7.4350E+24	1.7280E+25
1.3850E+00	7.2090E+24	1.7060E+25
1.4140E+00	6.9890E+24	1.6840E+25
1.4430E+00	6.7750E+24	1.6630E+25
1.4730E+00	6.5680E+24	1.6410E+25
1.5040E+00	6.3660E+24	1.6210E+25
1.5350E+00	6.1710E+24	1.6000E+25
1.5660E+00	5.9810E+24	1.5770E+25
1.5990E+00	5.7980E+24	1.5580E+25
1.6320E+00	5.6200E+24	1.5380E+25
1.6650E+00	5.4470E+24	1.5190E+25
1.7000E+00	5.2800E+24	1.5000E+25
1.7350E+00	5.1180E+24	1.4820E+25
1.7700E+00	4.9610E+24	1.4640E+25
1.8070E+00	4.8090E+24	1.4460E+25
1.8440E+00	4.6620E+24	1.4260E+25
1.8820E+00	4.5190E+24	1.4090E+25
1.9210E+00	4.3810E+24	1.3920E+25
1.9600E+00	4.2470E+24	1.3750E+25
2.0010E+00	4.1170E+24	1.3580E+25
2.0420E+00	3.9920E+24	1.3420E+25
2.0850E+00	3.8700E+24	1.3250E+25
2.1280E+00	3.7520E+24	1.3090E+25
2.1720E+00	3.6380E+24	1.2940E+25
2.2170E+00	3.5270E+24	1.2770E+25
2.2630E+00	3.4190E+24	1.2620E+25
2.3100E+00	3.3150E+24	1.2470E+25
2.3590E+00	3.2140E+24	1.2320E+25
2.4080E+00	3.1170E+24	1.2180E+25
2.4580E+00	3.0220E+24	1.2030E+25
2.5090E+00	2.9300E+24	1.1890E+25
2.5620E+00	2.8400E+24	1.1750E+25
2.6150E+00	2.7540E+24	1.1610E+25
2.6700E+00	2.6700E+24	1.1470E+25
2.7260E+00	2.5880E+24	1.1340E+25
2.7830E+00	2.5090E+24	1.1200E+25
2.8410E+00	2.4320E+24	1.1070E+25
2.9000E+00	2.3580E+24	1.0940E+25
2.9600E+00	2.2850E+24	1.0820E+25
3.0220E+00	2.2150E+24	1.0690E+25
3.0840E+00	2.1470E+24	1.0570E+25
3.1480E+00	2.0800E+24	1.0450E+25
3.2130E+00	2.0160E+24	1.0330E+25
3.2790E+00	1.9530E+24	1.0210E+25
3.3460E+00	1.8920E+24	1.0100E+25
3.4140E+00	1.8330E+24	9.9810E+24
3.4840E+00	1.7760E+24	9.8670E+24
3.5540E+00	1.7200E+24	9.7550E+24
3.6260E+00	1.6660E+24	9.6450E+24
3.6990E+00	1.6140E+24	9.5360E+24
3.7720E+00	1.5630E+24	9.4290E+24
3.8480E+00	1.5130E+24	9.3230E+24
3.9240E+00	1.4660E+24	9.2270E+24
4.0010E+00	1.4190E+24	9.1240E+24
4.0790E+00	1.3750E+24	9.0220E+24
4.1580E+00	1.3320E+24	8.9230E+24
4.2380E+00	1.2920E+24	8.8260E+24
4.3170E+00	1.2530E+24	8.7310E+24
4.3970E+00	1.2170E+24	8.6400E+24
4.4750E+00	1.1840E+24	8.5540E+24
4.5510E+00	1.1540E+24	8.4720E+24
4.6250E+00	1.1270E+24	8.3960E+24
4.6960E+00	1.1040E+24	8.3250E+24
4.7630E+00	1.0840E+24	8.2620E+24
4.8250E+00	1.0680E+24	8.2060E+24
4.8830E+00	1.0550E+24	8.1560E+24
4.9360E+00	1.0450E+24	8.1130E+24
4.9840E+00	1.0380E+24	8.0770E+24
5.0280E+00	1.0330E+24	8.0460E+24
5.0660E+00	1.0310E+24	8.0300E+24
5.1010E+00	1.0300E+24	8.0090E+24
5.1320E+00	1.0300E+24	7.9910E+24
5.1600E+00	1.0310E+24	7.9770E+24
5.1850E+00	1.0330E+24	7.9660E+24
5.2070E+00	1.0360E+24	7.9570E+24
5.2280E+00	1.0380E+24	7.9490E+24
5.2470E+00	1.0410E+24	7.9420E+24
5.2640E+00	1.0430E+24	7.9370E+24
5.2800E+00	1.0460E+24	7.9320E+24
5.2960E+00	1.0480E+24	7.9270E+24
5.3100E+00	1.0500E+24	7.9220E+24
5.3250E+00	1.0510E+24	7.9170E+24
5.3380E+00	1.0520E+24	7.9120E+24
5.3520E+00	1.0530E+24	7.9070E+24
5.3660E+00	1.0530E+24	7.9010E+24
5.3790E+00	1.0530E+24	7.8950E+24
5.3930E+00	1.0520E+24	7.8880E+24
5.4070E+00	1.0510E+24	7.8810E+24
5.4210E+00	1.0500E+24	7.8800E+24
5.4350E+00	1.0480E+24	7.8720E+24
5.4500E+00	1.0460E+24	7.8630E+24
5.4650E+00	1.0440E+24	7.8540E+24
5.4800E+00	1.0410E+24	7.8440E+24
5.4960E+00	1.0380E+24	7.8340E+24
5.5120E+00	1.0340E+24	7.8230E+24
5.5290E+00	1.0300E+24	7.8110E+24
5.5470E+00	1.0260E+24	7.7990E+24
5.5640E+00	1.0220E+24	7.7870E+24
5.5830E+00	1.0170E+24	7.7740E+24
5.6020E+00	1.0130E+24	7.7600E+24
5.6210E+00	1.0080E+24	7.7460E+24
5.6410E+00	1.0030E+24	7.7320E+24
5.6620E+00	9.9740E+23	7.7170E+24
5.6830E+00	9.9190E+23	7.6960E+24
5.7050E+00	9.8630E+23	7.6800E+24
5.7270E+00	9.8060E+23	7.6640E+24
5.7510E+00	9.7480E+23	7.6480E+24
5.7750E+00	9.6880E+23	7.6310E+24
5.7990E+00	9.6280E+23	7.6140E+24
5.8240E+00	9.5680E+23	7.5960E+24
5.8500E+00	9.5070E+23	7.5790E+24
5.8770E+00	9.4450E+23	7.5600E+24
5.9040E+00	9.3830E+23	7.5420E+24
5.9320E+00	9.3210E+23	7.5230E+24
5.9600E+00	9.2600E+23	7.5050E+24
5.9890E+00	9.1980E+23	7.4750E+24
6.0190E+00	9.1360E+23	7.4560E+24
6.0500E+00	9.0750E+23	7.4370E+24
6.0810E+00	9.0150E+23	7.4170E+24
6.1130E+00	8.9540E+23	7.3980E+24
6.1460E+00	8.8950E+23	7.3780E+24
6.1790E+00	8.8360E+23	7.3580E+24
6.2130E+00	8.7780E+23	7.3370E+24
6.2480E+00	8.7210E+23	7.3170E+24
6.2830E+00	8.6640E+23	7.2960E+24
6.3190E+00	8.6090E+23	7.2720E+24
6.3560E+00	8.5550E+23	7.2510E+24
6.3930E+00	8.5010E+23	7.2300E+24
6.4310E+00	8.4490E+23	7.2080E+24
6.4700E+00	8.3970E+23	7.1870E+24
6.5090E+00	8.3460E+23	7.1650E+24
6.5490E+00	8.2960E+23	7.1420E+24
6.5900E+00	8.2480E+23	7.1200E+24
6.6310E+00	8.2000E+23	7.0970E+24
6.6740E+00	8.1530E+23	7.0740E+24
6.7170E+00	8.1070E+23	7.0500E+24
6.7610E+00	8.0620E+23	7.0260E+24
6.8050E+00	8.0170E+23	7.0020E+24
6.8510E+00	7.9740E+23	6.9780E+24
6.8970E+00	7.9310E+23	6.9530E+24
6.9440E+00	7.8880E+23	6.9290E+24
6.9920E+00	7.8470E+23	6.9040E+24
7.0410E+00	7.8060E+23	6.8780E+24
7.0910E+00	7.7660E+23	6.8510E+24
7.1420E+00	7.7260E+23	6.8250E+24
7.1950E+00	7.6870E+23	6.7980E+24
7.2480E+00	7.6480E+23	6.7780E+24
7.3020E+00	7.6100E+23	6.7500E+24
7.3580E+00	7.5720E+23	6.7220E+24
7.4150E+00	7.5350E+23	6.6950E+24
7.4740E+00	7.4980E+23	6.6670E+24
7.5340E+00	7.4610E+23	6.6390E+24
7.5950E+00	7.4240E+23	6.6100E+24
7.6580E+00	7.3880E+23	6.5830E+24
7.7230E+00	7.3520E+23	6.5560E+24
7.7900E+00	7.3160E+23	6.5300E+24
7.8590E+00	7.2800E+23	6.5040E+24
7.9300E+00	7.2460E+23	6.4770E+24
8.0030E+00	7.2100E+23	6.4520E+24
8.0780E+00	7.1750E+23	6.4280E+24
8.1560E+00	7.1390E+23	6.4040E+24
8.2370E+00	7.1040E+23	6.3820E+24
8.3200E+00	7.0680E+23	6.3590E+24
8.4070E+00	7.0330E+23	6.3370E+24
8.4960E+00	6.9970E+23	6.3160E+24
8.5890E+00	6.9630E+23	6.2960E+24
8.6860E+00	6.9280E+23	6.2760E+24
8.7860E+00	6.8920E+23	6.2580E+24
8.8910E+00	6.8570E+23	6.2410E+24
8.9990E+00	6.8190E+23	6.2220E+24
9.1130E+00	6.7840E+23	6.2070E+24
9.2320E+00	6.7480E+23	6.1940E+24
9.3560E+00	6.7130E+23	6.1830E+24
9.4860E+00	6.6790E+23	6.1750E+24
9.6220E+00	6.6430E+23	6.1670E+24
9.7650E+00	6.6080E+23	6.1600E+24
9.9140E+00	6.5730E+23	6.1560E+24
1.0070E+01	6.5390E+23	6.1560E+24
1.0240E+01	6.5040E+23	6.1570E+24
1.0410E+01	6.4700E+23	6.1610E+24
1.0590E+01	6.4340E+23	6.1660E+24
1.0780E+01	6.3990E+23	6.1760E+24
1.0990E+01	6.3650E+23	6.1890E+24
1.1200E+01	6.3300E+23	6.2040E+24
1.1420E+01	6.2960E+23	6.2250E+24
1.1660E+01	6.2620E+23	6.2500E+24
1.1910E+01	6.2320E+23	6.2840E+24
1.2180E+01	6.1980E+23	6.3190E+24
1.2460E+01	6.1640E+23	6.3580E+24
1.2750E+01	6.1290E+23	6.4020E+24
1.3070E+01	6.0950E+23	6.4530E+24
1.3400E+01	6.0610E+23	6.5110E+24
1.3750E+01	6.0290E+23	6.5790E+24
1.4130E+01	5.9950E+23	6.6500E+24
1.4520E+01	5.9600E+23	6.7290E+24
1.4940E+01	5.9250E+23	6.8170E+24
1.5390E+01	5.8900E+23	6.9120E+24
1.5860E+01	5.8550E+23	7.0160E+24
1.6360E+01	5.8170E+23	7.1320E+24
1.6890E+01	5.7810E+23	7.2540E+24
1.7450E+01	5.7460E+23	7.3870E+24
1.8040E+01	5.7080E+23	7.5300E+24
1.8670E+01	5.6700E+23	7.6840E+24
1.9340E+01	5.6330E+23	7.8550E+24
2.0050E+01	5.5930E+23	8.0320E+24
2.0800E+01	5.5510E+23	8.2200E+24
2.1590E+01	5.5100E+23	8.4220E+24
2.2430E+01	5.4690E+23	8.6370E+24
2.3320E+01	5.4280E+23	8.8690E+24
2.4260E+01	5.3850E+23	9.1110E+24
2.5250E+01	5.3400E+23	9.3660E+24
2.6310E+01	5.2970E+23	9.6380E+24
2.7430E+01	5.2550E+23	9.9350E+24
