4.52400E-02 0.00000E+00
7.85400E-02 0.00000E+00
1.15300E-01 0.00000E+00
1.52100E-01 0.00000E+00
1.88900E-01 0.00000E+00
2.25600E-01 0.00000E+00
2.62400E-01 0.00000E+00
2.99200E-01 0.00000E+00
3.35900E-01 0.00000E+00
3.72700E-01 0.00000E+00
4.09500E-01 0.00000E+00
4.46300E-01 0.00000E+00
4.83000E-01 0.00000E+00
5.19800E-01 0.00000E+00
5.56600E-01 0.00000E+00
5.93400E-01 0.00000E+00
6.30100E-01 0.00000E+00
6.66900E-01 0.00000E+00
7.03700E-01 0.00000E+00
7.40400E-01 0.00000E+00
7.77200E-01 0.00000E+00
8.14000E-01 0.00000E+00
8.50800E-01 0.00000E+00
8.87500E-01 0.00000E+00
9.24300E-01 0.00000E+00
9.61100E-01 0.00000E+00
9.97800E-01 0.00000E+00
1.03500E+00 0.00000E+00
1.07100E+00 0.00000E+00
1.10800E+00 0.00000E+00
1.14500E+00 0.00000E+00
1.18200E+00 0.00000E+00
1.21800E+00 0.00000E+00
1.25500E+00 0.00000E+00
1.29200E+00 0.00000E+00
1.32900E+00 0.00000E+00
1.36600E+00 0.00000E+00
1.40200E+00 0.00000E+00
1.43900E+00 0.00000E+00
1.47600E+00 0.00000E+00
1.51300E+00 0.00000E+00
1.54900E+00 0.00000E+00
1.58600E+00 0.00000E+00
1.62300E+00 0.00000E+00
1.66000E+00 0.00000E+00
1.69700E+00 0.00000E+00
1.73300E+00 0.00000E+00
1.77000E+00 0.00000E+00
1.80700E+00 0.00000E+00
1.84400E+00 0.00000E+00
1.88000E+00 0.00000E+00
1.91700E+00 0.00000E+00
1.95400E+00 0.00000E+00
1.99100E+00 0.00000E+00
2.02700E+00 0.00000E+00
2.06400E+00 0.00000E+00
2.10100E+00 0.00000E+00
2.13800E+00 0.00000E+00
2.17500E+00 0.00000E+00
2.21100E+00 0.00000E+00
2.24800E+00 0.00000E+00
2.28500E+00 0.00000E+00
2.32200E+00 0.00000E+00
2.35800E+00 0.00000E+00
2.39500E+00 0.00000E+00
2.43200E+00 0.00000E+00
2.46900E+00 0.00000E+00
2.50600E+00 0.00000E+00
2.54200E+00 0.00000E+00
2.57900E+00 0.00000E+00
2.61600E+00 0.00000E+00
2.65300E+00 0.00000E+00
2.68900E+00 0.00000E+00
2.72600E+00 0.00000E+00
2.76300E+00 0.00000E+00
2.80000E+00 0.00000E+00
2.83600E+00 0.00000E+00
2.87300E+00 0.00000E+00
2.91000E+00 0.00000E+00
2.94700E+00 0.00000E+00
2.98400E+00 0.00000E+00
3.02000E+00 0.00000E+00
3.05700E+00 0.00000E+00
3.09400E+00 0.00000E+00
3.13100E+00 0.00000E+00
3.16700E+00 0.00000E+00
3.20400E+00 0.00000E+00
3.24100E+00 0.00000E+00
3.27800E+00 0.00000E+00
3.31500E+00 0.00000E+00
3.35100E+00 0.00000E+00
3.38800E+00 0.00000E+00
3.42500E+00 0.00000E+00
3.46200E+00 0.00000E+00
3.49800E+00 0.00000E+00
3.53500E+00 0.00000E+00
3.57200E+00 0.00000E+00
3.60900E+00 0.00000E+00
3.64500E+00 0.00000E+00
3.68200E+00 0.00000E+00
3.71900E+00 0.00000E+00
3.75600E+00 0.00000E+00
3.79300E+00 0.00000E+00
3.82900E+00 0.00000E+00
3.86600E+00 0.00000E+00
3.90300E+00 0.00000E+00
3.94000E+00 0.00000E+00
3.97600E+00 0.00000E+00
4.01300E+00 0.00000E+00
4.05000E+00 0.00000E+00
4.08700E+00 0.00000E+00
4.12400E+00 0.00000E+00
4.16000E+00 0.00000E+00
4.19700E+00 0.00000E+00
4.23400E+00 0.00000E+00
4.27100E+00 0.00000E+00
4.30700E+00 0.00000E+00
4.34400E+00 0.00000E+00
4.38100E+00 0.00000E+00
4.41800E+00 0.00000E+00
4.45400E+00 0.00000E+00
4.49100E+00 0.00000E+00
4.52800E+00 0.00000E+00
4.56500E+00 0.00000E+00
4.60200E+00 0.00000E+00
4.63800E+00 0.00000E+00
4.67500E+00 0.00000E+00
4.71200E+00 0.00000E+00
4.74900E+00 0.00000E+00
4.78500E+00 0.00000E+00
4.82200E+00 0.00000E+00
4.85900E+00 0.00000E+00
4.89600E+00 0.00000E+00
4.93200E+00 0.00000E+00
4.96900E+00 0.00000E+00
5.00600E+00 0.00000E+00
5.04300E+00 0.00000E+00
5.07900E+00 0.00000E+00
5.11600E+00 6.73275E+20
5.15300E+00 4.59128E+21
5.19000E+00 2.48172E+21
5.22700E+00 1.21768E+21
5.26300E+00 6.71469E+20
5.30000E+00 4.01255E+21
5.33600E+00 2.33358E+21
5.37400E+00 1.25803E+21
5.41000E+00 5.62348E+21
5.44700E+00 2.05716E+21
5.48400E+00 6.28109E+20
5.52100E+00 1.64946E+21
5.55800E+00 3.80780E+21
5.59400E+00 7.94923E+21
5.63100E+00 1.52300E+22
5.66800E+00 2.72141E+22
5.70500E+00 4.58947E+22
5.74200E+00 7.37712E+21
5.77800E+00 1.13698E+22
5.81500E+00 1.69041E+22
5.85200E+00 2.44138E+22
5.88900E+00 3.42840E+22
5.92500E+00 4.70269E+22
5.96200E+00 6.31723E+21
5.99900E+00 8.34066E+21
6.03600E+00 1.08218E+22
6.07200E+00 1.38449E+22
6.10900E+00 1.74823E+22
6.14600E+00 2.18062E+22
6.18300E+00 2.69009E+22
6.22000E+00 3.28688E+22
6.25600E+00 3.97883E+22
6.29300E+00 4.77676E+22
6.33000E+00 5.69092E+22
6.36700E+00 6.73275E+21
6.40300E+00 7.90707E+21
6.44000E+00 9.23796E+21
6.47700E+00 1.07194E+22
6.51400E+00 1.23815E+22
6.55100E+00 1.42243E+22
6.58700E+00 1.62598E+22
6.62400E+00 1.85121E+22
6.66100E+00 2.09811E+22
6.69800E+00 2.36851E+22
6.73400E+00 2.66841E+22
6.77100E+00 2.98819E+22
6.80700E+00 3.33325E+22
6.84500E+00 3.71687E+22
6.88100E+00 4.11674E+22
6.91800E+00 4.55394E+22
6.95400E+00 5.02427E+22
6.99100E+00 5.52772E+22
7.02800E+00 6.06430E+21
7.06500E+00 6.64242E+21
7.10100E+00 7.25066E+21
7.13800E+00 7.90105E+21
7.17500E+00 8.58757E+21
7.21200E+00 9.31625E+21
7.24900E+00 1.00811E+22
7.28600E+00 1.08941E+22
7.32200E+00 1.17432E+22
7.35900E+00 1.26465E+22
7.39600E+00 1.35799E+22
7.43300E+00 1.45736E+22
7.46900E+00 1.55973E+22
7.50600E+00 1.66813E+22
7.54300E+00 1.78014E+22
7.58000E+00 1.89758E+22
7.61700E+00 2.01983E+22
7.65300E+00 2.14569E+22
7.69000E+00 2.27757E+22
7.72700E+00 2.41428E+22
7.76400E+00 2.55519E+22
7.80000E+00 2.70153E+22
7.83800E+00 2.85389E+22
7.87400E+00 3.00866E+22
7.91100E+00 3.17066E+22
7.94800E+00 3.33687E+22
7.98400E+00 3.50790E+22
8.02100E+00 3.68435E+22
8.05800E+00 3.86561E+22
8.09500E+00 4.05109E+22
8.13100E+00 4.24200E+22
8.16800E+00 4.43832E+22
8.20500E+00 4.64066E+22
8.24200E+00 4.84421E+22
8.27900E+00 5.05438E+22
8.31600E+00 5.27118E+22
8.35200E+00 5.49159E+22
8.38900E+00 5.71501E+22
8.42600E+00 5.94566E+22
8.46300E+00 6.17872E+21
8.49900E+00 6.41960E+21
8.53600E+00 6.66049E+21
8.57300E+00 6.91342E+21
8.61000E+00 7.16033E+21
8.64600E+00 7.41928E+21
8.68300E+00 7.68425E+21
8.72000E+00 7.94923E+21
8.75700E+00 8.22022E+21
8.79400E+00 8.49122E+21
8.83000E+00 8.76824E+21
8.86700E+00 9.05730E+21
8.90400E+00 9.34034E+21
8.94100E+00 9.62940E+21
8.97700E+00 9.92449E+21
9.01400E+00 1.02256E+22
9.05100E+00 1.05327E+22
9.08800E+00 1.08338E+22
9.12400E+00 1.11470E+22
9.16100E+00 1.14662E+22
9.19800E+00 1.17853E+22
9.23500E+00 1.21045E+22
9.27200E+00 1.24297E+22
9.30800E+00 1.27549E+22
9.34600E+00 1.30982E+22
9.38200E+00 1.34234E+22
9.41900E+00 1.37666E+22
9.45500E+00 1.41099E+22
9.49200E+00 1.44592E+22
9.52900E+00 1.48084E+22
9.56600E+00 1.51577E+22
9.60300E+00 1.55130E+22
9.63900E+00 1.58744E+22
9.67600E+00 1.62357E+22
9.71300E+00 1.66030E+22
9.75000E+00 1.69704E+22
9.78700E+00 1.73498E+22
9.82300E+00 1.77171E+22
9.86000E+00 1.80965E+22
9.89700E+00 1.84759E+22
9.93400E+00 1.88613E+22
9.97100E+00 1.92468E+22
1.00100E+01 1.96322E+22
1.00400E+01 2.00236E+22
1.00800E+01 2.04151E+22
1.01200E+01 2.08125E+22
1.01500E+01 2.12100E+22
1.01900E+01 2.16195E+22
1.02300E+01 2.20230E+22
1.02600E+01 2.24204E+22
1.03000E+01 2.28299E+22
1.03400E+01 2.32455E+22
1.03700E+01 2.36550E+22
1.04100E+01 2.40765E+22
1.04500E+01 2.44920E+22
1.04900E+01 2.49136E+22
1.05200E+01 2.53351E+22
1.05600E+01 2.57567E+22
1.06000E+01 2.61843E+22
1.06300E+01 2.66118E+22
1.06700E+01 2.70454E+22
1.07100E+01 2.74790E+22
1.07400E+01 2.79126E+22
1.07800E+01 2.83583E+22
1.08200E+01 2.87858E+22
1.08500E+01 2.92254E+22
1.08900E+01 2.96711E+22
1.09300E+01 3.01107E+22
1.09600E+01 3.05563E+22
1.10000E+01 3.10080E+22
