4.52400E-02 1.34234E+09
7.85400E-02 1.14782E+09
1.15300E-01 9.80405E+08
1.52100E-01 8.44906E+08
1.88900E-01 7.43734E+08
2.25600E-01 6.84115E+08
2.62400E-01 6.76889E+08
2.99200E-01 7.28077E+08
3.35900E-01 8.31055E+08
3.72700E-01 9.73178E+08
4.09500E-01 1.14240E+09
4.46300E-01 1.33270E+09
4.83000E-01 1.53866E+09
5.19800E-01 1.75786E+09
5.56600E-01 1.98851E+09
5.93400E-01 2.22879E+09
6.30100E-01 2.47691E+09
6.66900E-01 2.73225E+09
7.03700E-01 2.99481E+09
7.40400E-01 3.26159E+09
7.77200E-01 3.53379E+09
8.14000E-01 3.81021E+09
8.50800E-01 4.08903E+09
8.87500E-01 4.37268E+09
9.24300E-01 4.65873E+09
9.61100E-01 4.94839E+09
9.97800E-01 5.24107E+09
1.03500E+00 5.53796E+09
1.07100E+00 5.83726E+09
1.10800E+00 6.14258E+09
1.14500E+00 6.44971E+09
1.18200E+00 6.76286E+09
1.21800E+00 7.08204E+09
1.25500E+00 7.40121E+09
1.29200E+00 7.72641E+09
1.32900E+00 8.05762E+09
1.36600E+00 8.39486E+09
1.40200E+00 8.73813E+09
1.43900E+00 9.08139E+09
1.47600E+00 9.43669E+09
1.51300E+00 9.79200E+09
1.54900E+00 1.01533E+10
1.58600E+00 1.05207E+10
1.62300E+00 1.08941E+10
1.66000E+00 1.12674E+10
1.69700E+00 1.16468E+10
1.73300E+00 1.20322E+10
1.77000E+00 1.24177E+10
1.80700E+00 1.28091E+10
1.84400E+00 1.32126E+10
1.88000E+00 1.36161E+10
1.91700E+00 1.40195E+10
1.95400E+00 1.44290E+10
1.99100E+00 1.48446E+10
2.02700E+00 1.52601E+10
2.06400E+00 1.56756E+10
2.10100E+00 1.61032E+10
2.13800E+00 1.65308E+10
2.17500E+00 1.69583E+10
2.21100E+00 1.73919E+10
2.24800E+00 1.78316E+10
2.28500E+00 1.82712E+10
2.32200E+00 1.87168E+10
2.35800E+00 1.91745E+10
2.39500E+00 1.96262E+10
2.43200E+00 2.00838E+10
2.46900E+00 2.05415E+10
2.50600E+00 2.10052E+10
2.54200E+00 2.14689E+10
2.57900E+00 2.19387E+10
2.61600E+00 2.24084E+10
2.65300E+00 2.28841E+10
2.68900E+00 2.33599E+10
2.72600E+00 2.38417E+10
2.76300E+00 2.43294E+10
2.80000E+00 2.48172E+10
2.83600E+00 2.53050E+10
2.87300E+00 2.57989E+10
2.91000E+00 2.62987E+10
2.94700E+00 2.68045E+10
2.98400E+00 2.73044E+10
3.02000E+00 2.78163E+10
3.05700E+00 2.83282E+10
3.09400E+00 2.88461E+10
3.13100E+00 2.93640E+10
3.16700E+00 2.98879E+10
3.20400E+00 3.04178E+10
3.24100E+00 3.09478E+10
3.27800E+00 3.14838E+10
3.31500E+00 3.20257E+10
3.35100E+00 3.25677E+10
3.38800E+00 3.31158E+10
3.42500E+00 3.36698E+10
3.46200E+00 3.42238E+10
3.49800E+00 3.47839E+10
3.53500E+00 3.53500E+10
3.57200E+00 3.59160E+10
3.60900E+00 3.64882E+10
3.64500E+00 3.70663E+10
3.68200E+00 3.76504E+10
3.71900E+00 3.82346E+10
3.75600E+00 3.88247E+10
3.79300E+00 3.94209E+10
3.82900E+00 4.00171E+10
3.86600E+00 4.06254E+10
3.90300E+00 4.12276E+10
3.94000E+00 4.18418E+10
3.97600E+00 4.24621E+10
4.01300E+00 4.30824E+10
4.05000E+00 4.37087E+10
4.08700E+00 4.43350E+10
4.12400E+00 4.49673E+10
4.16000E+00 4.56057E+10
4.19700E+00 4.62500E+10
4.23400E+00 4.68944E+10
4.27100E+00 4.75508E+10
4.30700E+00 4.82012E+10
4.34400E+00 4.88637E+10
4.38100E+00 4.95261E+10
4.41800E+00 5.01885E+10
4.45400E+00 5.08630E+10
4.49100E+00 5.15375E+10
4.52800E+00 5.21999E+10
4.56500E+00 5.28925E+10
4.60200E+00 5.35790E+10
4.63800E+00 5.42776E+10
4.67500E+00 5.49701E+10
4.71200E+00 5.56687E+10
4.74900E+00 5.63733E+10
4.78500E+00 5.70839E+10
4.82200E+00 5.77945E+10
4.85900E+00 5.85111E+10
4.89600E+00 5.92338E+10
4.93200E+00 5.99625E+10
4.96900E+00 6.07032E+10
5.00600E+00 6.14258E+10
5.04300E+00 6.22087E+10
5.07900E+00 6.29314E+10
5.11600E+00 6.37142E+10
5.15300E+00 6.44369E+10
5.19000E+00 6.52198E+10
5.22700E+00 6.60027E+10
5.26300E+00 6.67855E+10
5.30000E+00 6.75684E+10
5.33600E+00 6.83513E+10
5.37400E+00 6.90740E+10
5.41000E+00 6.97966E+10
5.44700E+00 7.05193E+10
5.48400E+00 7.12419E+10
5.52100E+00 7.19044E+10
5.55800E+00 7.25668E+10
5.59400E+00 7.32292E+10
5.63100E+00 7.38917E+10
5.66800E+00 7.44939E+10
5.70500E+00 7.51563E+10
5.74200E+00 7.58188E+10
5.77800E+00 7.64210E+10
5.81500E+00 7.70834E+10
5.85200E+00 7.76856E+10
5.88900E+00 7.82878E+10
5.92500E+00 7.88900E+10
5.96200E+00 7.95525E+10
5.99900E+00 8.01547E+10
6.03600E+00 8.07569E+10
6.07200E+00 8.13591E+10
6.10900E+00 8.19011E+10
6.14600E+00 8.25033E+10
6.18300E+00 8.31055E+10
6.22000E+00 8.37078E+10
6.25600E+00 8.42497E+10
6.29300E+00 8.48520E+10
6.33000E+00 8.53940E+10
6.36700E+00 8.59962E+10
6.40300E+00 8.65382E+10
6.44000E+00 8.71404E+10
6.47700E+00 8.76824E+10
6.51400E+00 8.82244E+10
6.55100E+00 8.87664E+10
6.58700E+00 8.93083E+10
6.62400E+00 8.98503E+10
6.66100E+00 9.03923E+10
6.69800E+00 9.09343E+10
6.73400E+00 9.14763E+10
6.77100E+00 9.19581E+10
6.80700E+00 9.25001E+10
6.84500E+00 9.30421E+10
6.88100E+00 9.35238E+10
6.91800E+00 9.40056E+10
6.95400E+00 9.45476E+10
6.99100E+00 9.50294E+10
7.02800E+00 9.55112E+10
7.06500E+00 9.59929E+10
7.10100E+00 9.64747E+10
7.13800E+00 9.69565E+10
7.17500E+00 9.74382E+10
7.21200E+00 9.78598E+10
7.24900E+00 9.83416E+10
7.28600E+00 9.88233E+10
7.32200E+00 9.92449E+10
7.35900E+00 9.96664E+10
7.39600E+00 1.00148E+11
7.43300E+00 1.00570E+11
7.46900E+00 1.00991E+11
7.50600E+00 1.01413E+11
7.54300E+00 1.01834E+11
7.58000E+00 1.02256E+11
7.61700E+00 1.02677E+11
7.65300E+00 1.03099E+11
7.69000E+00 1.03460E+11
7.72700E+00 1.03882E+11
7.76400E+00 1.04243E+11
7.80000E+00 1.04665E+11
7.83800E+00 1.05026E+11
7.87400E+00 1.05448E+11
7.91100E+00 1.05809E+11
7.94800E+00 1.06170E+11
7.98400E+00 1.06532E+11
8.02100E+00 1.06893E+11
8.05800E+00 1.07254E+11
8.09500E+00 1.07616E+11
8.13100E+00 1.07977E+11
8.16800E+00 1.08338E+11
8.20500E+00 1.08639E+11
8.24200E+00 1.09001E+11
8.27900E+00 1.09302E+11
8.31600E+00 1.09663E+11
8.35200E+00 1.09964E+11
8.38900E+00 1.10326E+11
8.42600E+00 1.10627E+11
8.46300E+00 1.10988E+11
8.49900E+00 1.11289E+11
8.53600E+00 1.11590E+11
8.57300E+00 1.11891E+11
8.61000E+00 1.12192E+11
8.64600E+00 1.12494E+11
8.68300E+00 1.12795E+11
8.72000E+00 1.13096E+11
8.75700E+00 1.13397E+11
8.79400E+00 1.13698E+11
8.83000E+00 1.13939E+11
8.86700E+00 1.14240E+11
8.90400E+00 1.14541E+11
8.94100E+00 1.14782E+11
8.97700E+00 1.15083E+11
9.01400E+00 1.15324E+11
9.05100E+00 1.15625E+11
9.08800E+00 1.15866E+11
9.12400E+00 1.16167E+11
9.16100E+00 1.16408E+11
9.19800E+00 1.16649E+11
9.23500E+00 1.16950E+11
9.27200E+00 1.17191E+11
9.30800E+00 1.17432E+11
9.34600E+00 1.17673E+11
9.38200E+00 1.17914E+11
9.41900E+00 1.18154E+11
9.45500E+00 1.18395E+11
9.49200E+00 1.18636E+11
9.52900E+00 1.18877E+11
9.56600E+00 1.19118E+11
9.60300E+00 1.19359E+11
9.63900E+00 1.19600E+11
9.67600E+00 1.19841E+11
9.71300E+00 1.20081E+11
9.75000E+00 1.20322E+11
9.78700E+00 1.20503E+11
9.82300E+00 1.20744E+11
9.86000E+00 1.20985E+11
9.89700E+00 1.21165E+11
9.93400E+00 1.21406E+11
9.97100E+00 1.21587E+11
1.00100E+01 1.21828E+11
1.00400E+01 1.22069E+11
1.00800E+01 1.22249E+11
1.01200E+01 1.22430E+11
1.01500E+01 1.22671E+11
1.01900E+01 1.22852E+11
1.02300E+01 1.23093E+11
1.02600E+01 1.23273E+11
1.03000E+01 1.23454E+11
1.03400E+01 1.23695E+11
1.03700E+01 1.23875E+11
1.04100E+01 1.24056E+11
1.04500E+01 1.24237E+11
1.04900E+01 1.24478E+11
1.05200E+01 1.24658E+11
1.05600E+01 1.24839E+11
1.06000E+01 1.25020E+11
1.06300E+01 1.25200E+11
1.06700E+01 1.25381E+11
1.07100E+01 1.25562E+11
1.07400E+01 1.25742E+11
1.07800E+01 1.25923E+11
1.08200E+01 1.26104E+11
1.08500E+01 1.26284E+11
1.08900E+01 1.26465E+11
1.09300E+01 1.26646E+11
1.09600E+01 1.26826E+11
1.10000E+01 1.27007E+11
