4.52400E-02 0.00000E+00
7.85400E-02 0.00000E+00
1.15300E-01 0.00000E+00
1.52100E-01 0.00000E+00
1.88900E-01 0.00000E+00
2.25600E-01 0.00000E+00
2.62400E-01 0.00000E+00
2.99200E-01 0.00000E+00
3.35900E-01 0.00000E+00
3.72700E-01 0.00000E+00
4.09500E-01 0.00000E+00
4.46300E-01 0.00000E+00
4.83000E-01 0.00000E+00
5.19800E-01 0.00000E+00
5.56600E-01 0.00000E+00
5.93400E-01 0.00000E+00
6.30100E-01 0.00000E+00
6.66900E-01 0.00000E+00
7.03700E-01 0.00000E+00
7.40400E-01 0.00000E+00
7.77200E-01 0.00000E+00
8.14000E-01 0.00000E+00
8.50800E-01 0.00000E+00
8.87500E-01 0.00000E+00
9.24300E-01 0.00000E+00
9.61100E-01 0.00000E+00
9.97800E-01 0.00000E+00
1.03500E+00 0.00000E+00
1.07100E+00 0.00000E+00
1.10800E+00 0.00000E+00
1.14500E+00 0.00000E+00
1.18200E+00 0.00000E+00
1.21800E+00 0.00000E+00
1.25500E+00 0.00000E+00
1.29200E+00 0.00000E+00
1.32900E+00 0.00000E+00
1.36600E+00 0.00000E+00
1.40200E+00 0.00000E+00
1.43900E+00 0.00000E+00
1.47600E+00 0.00000E+00
1.51300E+00 0.00000E+00
1.54900E+00 0.00000E+00
1.58600E+00 0.00000E+00
1.62300E+00 0.00000E+00
1.66000E+00 0.00000E+00
1.69700E+00 0.00000E+00
1.73300E+00 0.00000E+00
1.77000E+00 0.00000E+00
1.80700E+00 0.00000E+00
1.84400E+00 0.00000E+00
1.88000E+00 0.00000E+00
1.91700E+00 0.00000E+00
1.95400E+00 0.00000E+00
1.99100E+00 0.00000E+00
2.02700E+00 0.00000E+00
2.06400E+00 0.00000E+00
2.10100E+00 0.00000E+00
2.13800E+00 0.00000E+00
2.17500E+00 0.00000E+00
2.21100E+00 0.00000E+00
2.24800E+00 0.00000E+00
2.28500E+00 0.00000E+00
2.32200E+00 0.00000E+00
2.35800E+00 0.00000E+00
2.39500E+00 0.00000E+00
2.43200E+00 0.00000E+00
2.46900E+00 0.00000E+00
2.50600E+00 0.00000E+00
2.54200E+00 0.00000E+00
2.57900E+00 0.00000E+00
2.61600E+00 0.00000E+00
2.65300E+00 0.00000E+00
2.68900E+00 0.00000E+00
2.72600E+00 0.00000E+00
2.76300E+00 4.74846E-10
2.80000E+00 2.25168E-09
2.83600E+00 9.94255E-09
2.87300E+00 4.11011E-08
2.91000E+00 1.59406E-07
2.94700E+00 5.82883E-07
2.98400E+00 2.01260E-06
3.02000E+00 6.60027E-06
3.05700E+00 2.04933E-05
3.09400E+00 0.00000E+00
3.13100E+00 0.00000E+00
3.16700E+00 1.54709E-04
3.20400E+00 8.61166E-04
3.24100E+00 2.64312E-03
3.27800E+00 6.72673E-03
3.31500E+00 1.57419E-02
3.35100E+00 3.49766E-02
3.38800E+00 7.47950E-02
3.42500E+00 1.54528E-01
3.46200E+00 3.09297E-01
3.49800E+00 6.01491E-01
3.53500E+00 1.13578E+00
3.57200E+00 2.08667E+00
3.60900E+00 3.73553E+00
3.64500E+00 6.52198E+00
3.68200E+00 1.11229E+01
3.71900E+00 1.85361E+01
3.75600E+00 3.02673E+01
3.79300E+00 4.83759E+01
3.82900E+00 7.57585E+01
3.86600E+00 1.16528E+02
3.90300E+00 1.75967E+02
3.94000E+00 2.61180E+02
3.97600E+00 3.81382E+02
4.01300E+00 5.48497E+02
4.05000E+00 7.76856E+02
4.08700E+00 1.08579E+03
4.12400E+00 1.49710E+03
4.16000E+00 2.03849E+03
4.19700E+00 2.74369E+03
4.23400E+00 3.65002E+03
4.27100E+00 4.80627E+03
4.30700E+00 6.26905E+03
4.34400E+00 8.09376E+03
4.38100E+00 1.03641E+04
4.41800E+00 1.31764E+04
4.45400E+00 1.66151E+04
4.49100E+00 2.08366E+04
4.52800E+00 2.57808E+04
4.56500E+00 3.20318E+04
4.60200E+00 3.94932E+04
4.63800E+00 4.84722E+04
4.67500E+00 5.91856E+04
4.71200E+00 7.21452E+04
4.74900E+00 8.76221E+04
4.78500E+00 1.06231E+05
4.82200E+00 1.28693E+05
4.85900E+00 1.55552E+05
4.89600E+00 1.88252E+05
4.93200E+00 2.28179E+05
4.96900E+00 2.76898E+05
5.00600E+00 3.37481E+05
5.04300E+00 4.13480E+05
5.07900E+00 5.10075E+05
5.11600E+00 6.34734E+05
5.15300E+00 8.00343E+05
5.19000E+00 1.02738E+06
5.22700E+00 1.33872E+06
5.26300E+00 1.77774E+06
5.30000E+00 2.39320E+06
5.33600E+00 3.22004E+06
5.37400E+00 4.31245E+06
5.41000E+00 5.64937E+06
5.44700E+00 7.22055E+06
5.48400E+00 9.01514E+06
5.52100E+00 1.10326E+07
5.55800E+00 1.32608E+07
5.59400E+00 1.57178E+07
5.63100E+00 1.83916E+07
5.66800E+00 2.12943E+07
5.70500E+00 2.44258E+07
5.74200E+00 2.78102E+07
5.77800E+00 3.14296E+07
5.81500E+00 3.53018E+07
5.85200E+00 3.94510E+07
5.88900E+00 4.38472E+07
5.92500E+00 4.85264E+07
5.96200E+00 5.34766E+07
5.99900E+00 5.87219E+07
6.03600E+00 6.42562E+07
6.07200E+00 7.00977E+07
6.10900E+00 7.62403E+07
6.14600E+00 8.27442E+07
6.18300E+00 8.94890E+07
6.22000E+00 9.66554E+07
6.25600E+00 1.04123E+08
6.29300E+00 1.11891E+08
6.33000E+00 1.20081E+08
6.36700E+00 1.28633E+08
6.40300E+00 1.37485E+08
6.44000E+00 1.46760E+08
6.47700E+00 1.56455E+08
6.51400E+00 1.66452E+08
6.55100E+00 1.76930E+08
6.58700E+00 1.87710E+08
6.62400E+00 1.98972E+08
6.66100E+00 2.10654E+08
6.69800E+00 2.22759E+08
6.73400E+00 2.35405E+08
6.77100E+00 2.48293E+08
6.80700E+00 2.61542E+08
6.84500E+00 2.75573E+08
6.88100E+00 2.89605E+08
6.91800E+00 3.04299E+08
6.95400E+00 3.19475E+08
6.99100E+00 3.35132E+08
7.02800E+00 3.51211E+08
7.06500E+00 3.67772E+08
7.10100E+00 3.84755E+08
7.13800E+00 4.02279E+08
7.17500E+00 4.20225E+08
7.21200E+00 4.38653E+08
7.24900E+00 4.57442E+08
7.28600E+00 4.76954E+08
7.32200E+00 4.96586E+08
7.35900E+00 5.17061E+08
7.39600E+00 5.37657E+08
7.43300E+00 5.58975E+08
7.46900E+00 5.80474E+08
7.50600E+00 6.02816E+08
7.54300E+00 6.25098E+08
7.58000E+00 6.47982E+08
7.61700E+00 6.71469E+08
7.65300E+00 6.95557E+08
7.69000E+00 7.19646E+08
7.72700E+00 7.44939E+08
7.76400E+00 7.69630E+08
7.80000E+00 7.95525E+08
7.83800E+00 8.21420E+08
7.87400E+00 8.47315E+08
7.91100E+00 8.74415E+08
7.94800E+00 9.01514E+08
7.98400E+00 9.29216E+08
8.02100E+00 9.56918E+08
8.05800E+00 9.85222E+08
8.09500E+00 1.01353E+09
8.13100E+00 1.04243E+09
8.16800E+00 1.07194E+09
8.20500E+00 1.10205E+09
8.24200E+00 1.13156E+09
8.27900E+00 1.16167E+09
8.31600E+00 1.19238E+09
8.35200E+00 1.22310E+09
8.38900E+00 1.25441E+09
8.42600E+00 1.28573E+09
8.46300E+00 1.31764E+09
8.49900E+00 1.34956E+09
8.53600E+00 1.38148E+09
8.57300E+00 1.41400E+09
8.61000E+00 1.44712E+09
8.64600E+00 1.47964E+09
8.68300E+00 1.51276E+09
8.72000E+00 1.54649E+09
8.75700E+00 1.57961E+09
8.79400E+00 1.61393E+09
8.83000E+00 1.64706E+09
8.86700E+00 1.68198E+09
8.90400E+00 1.71571E+09
8.94100E+00 1.75064E+09
8.97700E+00 1.78496E+09
9.01400E+00 1.82049E+09
9.05100E+00 1.85542E+09
9.08800E+00 1.88975E+09
9.12400E+00 1.92528E+09
9.16100E+00 1.96081E+09
9.19800E+00 1.99694E+09
9.23500E+00 2.03247E+09
9.27200E+00 2.06800E+09
9.30800E+00 2.10353E+09
9.34600E+00 2.14027E+09
9.38200E+00 2.17580E+09
9.41900E+00 2.21253E+09
9.45500E+00 2.24867E+09
9.49200E+00 2.28540E+09
9.52900E+00 2.32154E+09
9.56600E+00 2.35827E+09
9.60300E+00 2.39440E+09
9.63900E+00 2.43174E+09
9.67600E+00 2.46848E+09
9.71300E+00 2.50521E+09
9.75000E+00 2.54195E+09
9.78700E+00 2.57928E+09
9.82300E+00 2.61602E+09
9.86000E+00 2.65275E+09
9.89700E+00 2.69009E+09
9.93400E+00 2.72743E+09
9.97100E+00 2.76476E+09
1.00100E+01 2.80210E+09
1.00400E+01 2.83884E+09
1.00800E+01 2.87617E+09
1.01200E+01 2.91351E+09
1.01500E+01 2.95085E+09
1.01900E+01 2.98879E+09
1.02300E+01 3.02613E+09
1.02600E+01 3.06286E+09
1.03000E+01 3.10020E+09
1.03400E+01 3.13814E+09
1.03700E+01 3.17547E+09
1.04100E+01 3.21281E+09
1.04500E+01 3.25015E+09
1.04900E+01 3.28809E+09
1.05200E+01 3.32482E+09
1.05600E+01 3.36216E+09
1.06000E+01 3.39950E+09
1.06300E+01 3.43744E+09
1.06700E+01 3.47478E+09
1.07100E+01 3.51211E+09
1.07400E+01 3.54945E+09
1.07800E+01 3.58739E+09
1.08200E+01 3.62412E+09
1.08500E+01 3.66086E+09
1.08900E+01 3.69820E+09
1.09300E+01 3.73553E+09
1.09600E+01 3.77287E+09
1.10000E+01 3.81021E+09
