0.000000E+0	3.31030E-01	5.65096E-02
2.19900E-01	3.31030E-01	5.65096E-02
3.97000E-01	2.35663E-01	7.29633E-02
5.70600E-01	1.92332E-01	8.55431E-02
7.43100E-01	1.66494E-01	9.62460E-02
9.15900E-01	1.48962E-01	1.05831E-01
1.09000E+00	1.36182E-01	1.14736E-01
1.26700E+00	1.26398E-01	1.23243E-01
1.44800E+00	1.18650E-01	1.31550E-01
1.63400E+00	1.12420E-01	1.39816E-01
1.82700E+00	1.07308E-01	1.48163E-01
2.02600E+00	1.03035E-01	1.56709E-01
2.23300E+00	9.94409E-02	1.65535E-01
2.45000E+00	9.64058E-02	1.74800E-01
2.67900E+00	9.38498E-02	1.84585E-01
2.91900E+00	9.17332E-02	1.95048E-01
3.17200E+00	8.99361E-02	2.06230E-01
3.43400E+00	8.84984E-02	2.18051E-01
3.70200E+00	8.73802E-02	2.30351E-01
3.96900E+00	8.65415E-02	2.42891E-01
4.23000E+00	8.59425E-02	2.55391E-01
4.47800E+00	8.55032E-02	2.67492E-01
4.71100E+00	8.52636E-02	2.79034E-01
4.92600E+00	8.51438E-02	2.89856E-01
5.12200E+00	8.51038E-02	2.99920E-01
5.30000E+00	8.51038E-02	3.09145E-01
5.46100E+00	8.51837E-02	3.17612E-01
5.60700E+00	8.53035E-02	3.25319E-01
5.73800E+00	8.53834E-02	3.32388E-01
5.85800E+00	8.55431E-02	3.38898E-01
5.96700E+00	8.56629E-02	3.44888E-01
6.06600E+00	8.57827E-02	3.50359E-01
6.15800E+00	8.59425E-02	3.55471E-01
6.24200E+00	8.60623E-02	3.60224E-01
6.32000E+00	8.61821E-02	3.64657E-01
6.39300E+00	8.63019E-02	3.68850E-01
6.46100E+00	8.64217E-02	3.72764E-01
6.52500E+00	8.65415E-02	3.76478E-01
6.58600E+00	8.66613E-02	3.80032E-01
6.64300E+00	8.67812E-02	3.83387E-01
6.69700E+00	8.69010E-02	3.86621E-01
6.74900E+00	8.69808E-02	3.89696E-01
6.79900E+00	8.71006E-02	3.92692E-01
6.84700E+00	8.71805E-02	3.95567E-01
6.89300E+00	8.72604E-02	3.98323E-01
6.93700E+00	8.73802E-02	4.00958E-01
6.98000E+00	8.74601E-02	4.03754E-01
7.02200E+00	8.75399E-02	4.06150E-01
7.06200E+00	8.76198E-02	4.08546E-01
7.10100E+00	8.76997E-02	4.10942E-01
7.13900E+00	8.77796E-02	4.13339E-01
7.17800E+00	8.78594E-02	4.15735E-01
7.21400E+00	8.79393E-02	4.18131E-01
7.25000E+00	8.80192E-02	4.20527E-01
7.28400E+00	8.80990E-02	4.22524E-01
7.31900E+00	8.81789E-02	4.24920E-01
7.35200E+00	8.82588E-02	4.26917E-01
7.38500E+00	8.83387E-02	4.28914E-01
7.41700E+00	8.84185E-02	4.30911E-01
7.44900E+00	8.84585E-02	4.32907E-01
7.48000E+00	8.85383E-02	4.34904E-01
7.51100E+00	8.86182E-02	4.36901E-01
7.54100E+00	8.86981E-02	4.38898E-01
7.57100E+00	8.87380E-02	4.40895E-01
7.60000E+00	8.88179E-02	4.42891E-01
7.62900E+00	8.88978E-02	4.44888E-01
7.65800E+00	8.89377E-02	4.46885E-01
7.68600E+00	8.90176E-02	4.48482E-01
7.71400E+00	8.90974E-02	4.50479E-01
7.74200E+00	8.91374E-02	4.52476E-01
7.77000E+00	8.92173E-02	4.54073E-01
7.79700E+00	8.92971E-02	4.56070E-01
7.82400E+00	8.93371E-02	4.57668E-01
7.85100E+00	8.94169E-02	4.59665E-01
7.87700E+00	8.94569E-02	4.61262E-01
7.90300E+00	8.95367E-02	4.63259E-01
7.92900E+00	8.96166E-02	4.64856E-01
7.95500E+00	8.96565E-02	4.66853E-01
7.98100E+00	8.97364E-02	4.68450E-01
8.00600E+00	8.97764E-02	4.70048E-01
8.03100E+00	8.98562E-02	4.72045E-01
8.05600E+00	8.98962E-02	4.73642E-01
8.08100E+00	8.99760E-02	4.75240E-01
8.10600E+00	9.00160E-02	4.76837E-01
8.13000E+00	9.00958E-02	4.78834E-01
8.15500E+00	9.01358E-02	4.80431E-01
8.17900E+00	9.02157E-02	4.82029E-01
8.20300E+00	9.02556E-02	4.83626E-01
8.22700E+00	9.03355E-02	4.85623E-01
8.25100E+00	9.03754E-02	4.87220E-01
8.27500E+00	9.04553E-02	4.88818E-01
8.29900E+00	9.04952E-02	4.90415E-01
8.32200E+00	9.05751E-02	4.92013E-01
8.34600E+00	9.06150E-02	4.93610E-01
8.36900E+00	9.06949E-02	4.95607E-01
8.39200E+00	9.07348E-02	4.97204E-01
8.41500E+00	9.08147E-02	4.98802E-01
8.43800E+00	9.08546E-02	5.00399E-01
8.46100E+00	9.09345E-02	5.01997E-01
8.48400E+00	9.09744E-02	5.03594E-01
8.50700E+00	9.10543E-02	5.05192E-01
8.53000E+00	9.10942E-02	5.06789E-01
8.55300E+00	9.11741E-02	5.08786E-01
8.57500E+00	9.12141E-02	5.10383E-01
8.59800E+00	9.12540E-02	5.11981E-01
8.62000E+00	9.13339E-02	5.13578E-01
8.64200E+00	9.13738E-02	5.15176E-01
8.66500E+00	9.14537E-02	5.16773E-01
8.68700E+00	9.14936E-02	5.18371E-01
8.70900E+00	9.15735E-02	5.19968E-01
8.73100E+00	9.16134E-02	5.21565E-01
8.75300E+00	9.16933E-02	5.23163E-01
8.77500E+00	9.17332E-02	5.24760E-01
8.79700E+00	9.17732E-02	5.26358E-01
8.81900E+00	9.18530E-02	5.27955E-01
8.84100E+00	9.18930E-02	5.29553E-01
8.86300E+00	9.19728E-02	5.31150E-01
8.88400E+00	9.20128E-02	5.32748E-01
8.90600E+00	9.20527E-02	5.34345E-01
8.92800E+00	9.21326E-02	5.35942E-01
8.94900E+00	9.21725E-02	5.37540E-01
8.97100E+00	9.22524E-02	5.39137E-01
8.99200E+00	9.22923E-02	5.40735E-01
9.01400E+00	9.23722E-02	5.42332E-01
9.03500E+00	9.24121E-02	5.43930E-01
9.05700E+00	9.24521E-02	5.45527E-01
9.07800E+00	9.25319E-02	5.47524E-01
9.09900E+00	9.25719E-02	5.49121E-01
9.12100E+00	9.26518E-02	5.50719E-01
9.14200E+00	9.26917E-02	5.52316E-01
9.16300E+00	9.27316E-02	5.53914E-01
9.18500E+00	9.28115E-02	5.55511E-01
9.20600E+00	9.28514E-02	5.57109E-01
9.22700E+00	9.29313E-02	5.58706E-01
9.24800E+00	9.29712E-02	5.60304E-01
9.27000E+00	9.30112E-02	5.61901E-01
9.29100E+00	9.30911E-02	5.63498E-01
9.31200E+00	9.31310E-02	5.65096E-01
9.33300E+00	9.32109E-02	5.66693E-01
9.35400E+00	9.32508E-02	5.68291E-01
9.37500E+00	9.32907E-02	5.69888E-01
9.39600E+00	9.33706E-02	5.71486E-01
9.41800E+00	9.34105E-02	5.73083E-01
9.43900E+00	9.34505E-02	5.74681E-01
9.46000E+00	9.35304E-02	5.76278E-01
9.48100E+00	9.35703E-02	5.77875E-01
9.50200E+00	9.36502E-02	5.79473E-01
9.52300E+00	9.36901E-02	5.81070E-01
9.54400E+00	9.37300E-02	5.82668E-01
9.56500E+00	9.38099E-02	5.84665E-01
9.58600E+00	9.38498E-02	5.86262E-01
9.60700E+00	9.38898E-02	5.87859E-01
9.62800E+00	9.39696E-02	5.89457E-01
9.64900E+00	9.40096E-02	5.91054E-01
9.67000E+00	9.40495E-02	5.92652E-01
9.69100E+00	9.41294E-02	5.94249E-01
9.71200E+00	9.41693E-02	5.95847E-01
9.73300E+00	9.42492E-02	5.97444E-01
9.75300E+00	9.42891E-02	5.99042E-01
9.77400E+00	9.43291E-02	6.00639E-01
9.79500E+00	9.44089E-02	6.02636E-01
9.81600E+00	9.44489E-02	6.04233E-01
9.83700E+00	9.44888E-02	6.05831E-01
9.85800E+00	9.45687E-02	6.07428E-01
9.87900E+00	9.46086E-02	6.09026E-01
9.90000E+00	9.46885E-02	6.10623E-01
9.92100E+00	9.47284E-02	6.12220E-01
9.94200E+00	9.47684E-02	6.14217E-01
9.96300E+00	9.48482E-02	6.15815E-01
9.98400E+00	9.48882E-02	6.17412E-01
1.00000E+01	9.49281E-02	6.19010E-01
1.00300E+01	9.50080E-02	6.20607E-01
1.00500E+01	9.50479E-02	6.22204E-01
1.00700E+01	9.50879E-02	6.24201E-01
1.00900E+01	9.51677E-02	6.25799E-01
1.01100E+01	9.52077E-02	6.27396E-01
1.01300E+01	9.52476E-02	6.28994E-01
1.01500E+01	9.53275E-02	6.30591E-01
1.01700E+01	9.53674E-02	6.32188E-01
1.01900E+01	9.54073E-02	6.34185E-01
1.02100E+01	9.54872E-02	6.35783E-01
1.02300E+01	9.55272E-02	6.37380E-01
1.02600E+01	9.55671E-02	6.38978E-01
1.02800E+01	9.56470E-02	6.40974E-01
1.03000E+01	9.56869E-02	6.42572E-01
1.03200E+01	9.57668E-02	6.44169E-01
1.03400E+01	9.58067E-02	6.45767E-01
1.03600E+01	9.58466E-02	6.47764E-01
1.03800E+01	9.59265E-02	6.49361E-01
1.04000E+01	9.59665E-02	6.50958E-01
1.04200E+01	9.60064E-02	6.52556E-01
1.04400E+01	9.60863E-02	6.54553E-01
1.04700E+01	9.61262E-02	6.56150E-01
1.04900E+01	9.61661E-02	6.57748E-01
1.05100E+01	9.62460E-02	6.59744E-01
1.05300E+01	9.62859E-02	6.61342E-01
1.05500E+01	9.63259E-02	6.62939E-01
1.05700E+01	9.64058E-02	6.64936E-01
1.05900E+01	9.64457E-02	6.66534E-01
1.06100E+01	9.65256E-02	6.68131E-01
1.06300E+01	9.65655E-02	6.70128E-01
1.06600E+01	9.66054E-02	6.71725E-01
1.06800E+01	9.66853E-02	6.73323E-01
1.07000E+01	9.67252E-02	6.75319E-01
1.07200E+01	9.68051E-02	6.76917E-01
1.07400E+01	9.68450E-02	6.78914E-01
1.07600E+01	9.68850E-02	6.80511E-01
1.07800E+01	9.69649E-02	6.82508E-01
1.08000E+01	9.70048E-02	6.84105E-01
1.08300E+01	9.70447E-02	6.85703E-01
1.08500E+01	9.71246E-02	6.87700E-01
1.08700E+01	9.71645E-02	6.89297E-01
1.08900E+01	9.72045E-02	6.91294E-01
1.09100E+01	9.72843E-02	6.92891E-01
1.09300E+01	9.73243E-02	6.94489E-01
1.09500E+01	9.74042E-02	6.96486E-01
1.09700E+01	9.74441E-02	6.98083E-01
1.10000E+01	9.74840E-02	7.00080E-01
1.10200E+01	9.75639E-02	7.01677E-01
1.10400E+01	9.76038E-02	7.03674E-01
1.10600E+01	9.76438E-02	7.05272E-01
1.10800E+01	9.77236E-02	7.07268E-01
1.11000E+01	9.77636E-02	7.08866E-01
1.11200E+01	9.78035E-02	7.10863E-01
1.11500E+01	9.78834E-02	7.12460E-01
1.11700E+01	9.79233E-02	7.14457E-01
1.11900E+01	9.79633E-02	7.16054E-01
1.12100E+01	9.80431E-02	7.18051E-01
1.12300E+01	9.80831E-02	7.19649E-01
1.12500E+01	9.81230E-02	7.21645E-01
1.12700E+01	9.82029E-02	7.23243E-01
1.13000E+01	9.82428E-02	7.25240E-01
1.13200E+01	9.82827E-02	7.27236E-01
1.13400E+01	9.83626E-02	7.28834E-01
1.13600E+01	9.84026E-02	7.30831E-01
1.13800E+01	9.84425E-02	7.32428E-01
1.14000E+01	9.84824E-02	7.34425E-01
1.14300E+01	9.85623E-02	7.36022E-01
1.14500E+01	9.86022E-02	7.38019E-01
1.14700E+01	9.86422E-02	7.40016E-01
1.14900E+01	9.87220E-02	7.41613E-01
1.15100E+01	9.87620E-02	7.43610E-01
1.15300E+01	9.88019E-02	7.45607E-01
1.15600E+01	9.88818E-02	7.47204E-01
1.15800E+01	9.89217E-02	7.49201E-01
1.16000E+01	9.89617E-02	7.50799E-01
1.16200E+01	9.90415E-02	7.52796E-01
1.16400E+01	9.90815E-02	7.54792E-01
1.16700E+01	9.91214E-02	7.56789E-01
1.16900E+01	9.92013E-02	7.58387E-01
1.17100E+01	9.92412E-02	7.60383E-01
1.17300E+01	9.92812E-02	7.62380E-01
1.17500E+01	9.93610E-02	7.63978E-01
1.17700E+01	9.94010E-02	7.65974E-01
1.18000E+01	9.94409E-02	7.67971E-01
1.18200E+01	9.95208E-02	7.69968E-01
1.18400E+01	9.95607E-02	7.71565E-01
1.18600E+01	9.96006E-02	7.73562E-01
1.18800E+01	9.96805E-02	7.75559E-01
1.19100E+01	9.97204E-02	7.77556E-01
1.19300E+01	9.97604E-02	7.79153E-01
1.19500E+01	9.98403E-02	7.81150E-01
1.19700E+01	9.98802E-02	7.83147E-01
1.20000E+01	9.99201E-02	7.85144E-01
1.20200E+01	1.00000E-01	7.87141E-01
1.20400E+01	1.00040E-01	7.88738E-01
1.20600E+01	1.00080E-01	7.90735E-01
1.20800E+01	1.00160E-01	7.92732E-01
1.21100E+01	1.00200E-01	7.94728E-01
1.21300E+01	1.00240E-01	7.96725E-01
1.21500E+01	1.00319E-01	7.98722E-01
1.21700E+01	1.00359E-01	8.00719E-01
1.22000E+01	1.00439E-01	8.02716E-01
1.22200E+01	1.00479E-01	8.04712E-01
1.22400E+01	1.00519E-01	8.06709E-01
1.22600E+01	1.00599E-01	8.08706E-01
1.22800E+01	1.00639E-01	8.10304E-01
1.23100E+01	1.00679E-01	8.12300E-01
1.23300E+01	1.00759E-01	8.14297E-01
1.23500E+01	1.00799E-01	8.16294E-01
1.23700E+01	1.00839E-01	8.18291E-01
1.24000E+01	1.00919E-01	8.20288E-01
1.24200E+01	1.00958E-01	8.22284E-01
1.24400E+01	1.00998E-01	8.24281E-01
1.24600E+01	1.01078E-01	8.26278E-01
1.24900E+01	1.01118E-01	8.28275E-01
1.25100E+01	1.01158E-01	8.30272E-01
1.25300E+01	1.01238E-01	8.32268E-01
1.25600E+01	1.01278E-01	8.34265E-01
1.25800E+01	1.01318E-01	8.36262E-01
1.26000E+01	1.01358E-01	8.38259E-01
1.26200E+01	1.01438E-01	8.40256E-01
1.26500E+01	1.01478E-01	8.42252E-01
1.26700E+01	1.01518E-01	8.44249E-01
1.26900E+01	1.01597E-01	8.46246E-01
1.27100E+01	1.01637E-01	8.48243E-01
1.27400E+01	1.01677E-01	8.50240E-01
1.27600E+01	1.01757E-01	8.52236E-01
1.27800E+01	1.01797E-01	8.54233E-01
1.28100E+01	1.01837E-01	8.56629E-01
