4.4610E-02	0.0000E+00
2.1990E-01	0.0000E+00
3.9700E-01	0.0000E+00
5.7060E-01	0.0000E+00
7.4310E-01	0.0000E+00
9.1590E-01	0.0000E+00
1.0900E+00	0.0000E+00
1.2670E+00	0.0000E+00
1.4480E+00	0.0000E+00
1.6340E+00	0.0000E+00
1.8270E+00	0.0000E+00
2.0260E+00	0.0000E+00
2.2330E+00	0.0000E+00
2.4500E+00	3.7510E-27
2.6790E+00	5.1060E-26
2.9190E+00	4.3000E-25
3.1720E+00	2.5320E-24
3.4340E+00	1.1020E-23
3.7020E+00	3.8060E-23
3.9690E+00	1.0910E-22
4.2300E+00	2.6930E-22
4.4780E+00	5.8910E-22
4.7110E+00	1.1630E-21
4.9260E+00	2.1140E-21
5.1220E+00	3.5910E-21
5.3000E+00	5.7610E-21
5.4610E+00	8.8120E-21
5.6070E+00	1.2950E-20
5.7380E+00	1.8380E-20
5.8580E+00	2.5380E-20
5.9670E+00	3.4100E-20
6.0660E+00	4.4820E-20
6.1580E+00	5.7780E-20
6.2420E+00	7.3220E-20
6.3200E+00	9.1390E-20
6.3930E+00	1.1250E-19
6.4610E+00	1.3690E-19
6.5250E+00	1.6470E-19
6.5860E+00	1.9630E-19
6.6430E+00	2.3190E-19
6.6970E+00	2.7150E-19
6.7490E+00	3.1560E-19
6.7990E+00	3.6440E-19
6.8470E+00	4.1800E-19
6.8930E+00	4.7670E-19
6.9370E+00	5.4070E-19
6.9800E+00	6.1020E-19
7.0220E+00	6.8550E-19
7.0620E+00	7.6660E-19
7.1010E+00	8.5390E-19
7.1390E+00	9.4750E-19
7.1780E+00	1.0480E-18
7.2140E+00	1.1550E-18
7.2500E+00	1.2680E-18
7.2840E+00	1.3890E-18
7.3180E+00	1.5170E-18
7.3520E+00	1.6520E-18
7.3850E+00	1.7940E-18
7.4170E+00	1.9450E-18
7.4480E+00	2.1030E-18
7.4800E+00	2.2690E-18
7.5100E+00	2.4430E-18
7.5410E+00	2.6260E-18
7.5700E+00	2.8160E-18
7.6000E+00	3.0160E-18
7.6290E+00	3.2230E-18
7.6580E+00	3.4410E-18
7.6860E+00	3.6660E-18
7.7140E+00	3.9000E-18
7.7420E+00	4.1440E-18
7.7690E+00	4.3970E-18
7.7970E+00	4.6590E-18
7.8240E+00	4.9300E-18
7.8500E+00	5.2110E-18
7.8770E+00	5.5010E-18
7.9030E+00	5.8010E-18
7.9290E+00	6.1110E-18
7.9550E+00	6.4310E-18
7.9800E+00	6.7600E-18
8.0060E+00	7.1000E-18
8.0310E+00	7.4490E-18
8.0560E+00	7.8090E-18
8.0810E+00	8.1810E-18
8.1050E+00	8.5610E-18
8.1300E+00	8.9520E-18
8.1540E+00	9.3530E-18
8.1790E+00	9.7650E-18
8.2030E+00	1.0190E-17
8.2270E+00	1.0620E-17
8.2510E+00	1.1060E-17
8.2750E+00	1.1520E-17
8.2980E+00	1.1990E-17
8.3220E+00	1.2460E-17
8.3450E+00	1.2950E-17
8.3680E+00	1.3450E-17
8.3920E+00	1.3960E-17
8.4150E+00	1.4480E-17
8.4380E+00	1.5010E-17
8.4610E+00	1.5550E-17
8.4840E+00	1.6110E-17
8.5060E+00	1.6670E-17
8.5290E+00	1.7250E-17
8.5520E+00	1.7840E-17
8.5740E+00	1.8440E-17
8.5970E+00	1.9050E-17
8.6190E+00	1.9670E-17
8.6420E+00	2.0310E-17
8.6640E+00	2.0950E-17
8.6860E+00	2.1610E-17
8.7080E+00	2.2280E-17
8.7300E+00	2.2960E-17
8.7520E+00	2.3660E-17
8.7740E+00	2.4360E-17
8.7960E+00	2.5080E-17
8.8180E+00	2.5810E-17
8.8400E+00	2.6550E-17
8.8620E+00	2.7300E-17
8.8830E+00	2.8070E-17
8.9050E+00	2.8850E-17
8.9270E+00	2.9640E-17
8.9480E+00	3.0440E-17
8.9700E+00	3.1250E-17
8.9920E+00	3.2080E-17
9.0130E+00	3.2930E-17
9.0340E+00	3.3780E-17
9.0560E+00	3.4640E-17
9.0770E+00	3.5520E-17
9.0980E+00	3.6410E-17
9.1200E+00	3.7310E-17
9.1410E+00	3.8220E-17
9.1620E+00	3.9150E-17
9.1840E+00	4.0080E-17
9.2050E+00	4.1030E-17
9.2260E+00	4.2000E-17
9.2470E+00	4.2970E-17
9.2690E+00	4.3960E-17
9.2900E+00	4.4960E-17
9.3110E+00	4.5970E-17
9.3320E+00	4.7000E-17
9.3530E+00	4.8040E-17
9.3740E+00	4.9090E-17
9.3950E+00	5.0150E-17
9.4160E+00	5.1230E-17
9.4370E+00	5.2320E-17
9.4580E+00	5.3420E-17
9.4790E+00	5.4540E-17
9.5000E+00	5.5660E-17
9.5220E+00	5.6800E-17
9.5430E+00	5.7950E-17
9.5640E+00	5.9120E-17
9.5850E+00	6.0290E-17
9.6060E+00	6.1490E-17
9.6270E+00	6.2690E-17
9.6470E+00	6.3910E-17
9.6680E+00	6.5140E-17
9.6890E+00	6.6390E-17
9.7100E+00	6.7640E-17
9.7310E+00	6.8910E-17
9.7520E+00	7.0200E-17
9.7730E+00	7.1490E-17
9.7940E+00	7.2800E-17
9.8150E+00	7.4120E-17
9.8360E+00	7.5460E-17
9.8570E+00	7.6810E-17
9.8780E+00	7.8170E-17
9.8990E+00	7.9550E-17
9.9190E+00	8.0940E-17
9.9400E+00	8.2340E-17
9.9610E+00	8.3750E-17
9.9820E+00	8.5180E-17
1.0000E+01	8.6620E-17
1.0020E+01	8.8080E-17
1.0040E+01	8.9540E-17
1.0070E+01	9.1030E-17
1.0090E+01	9.2510E-17
1.0110E+01	9.4020E-17
1.0130E+01	9.5540E-17
1.0150E+01	9.7070E-17
1.0170E+01	9.8620E-17
1.0190E+01	1.0020E-16
1.0210E+01	1.0180E-16
1.0230E+01	1.0330E-16
1.0250E+01	1.0490E-16
1.0280E+01	1.0660E-16
1.0300E+01	1.0820E-16
1.0320E+01	1.0980E-16
1.0340E+01	1.1150E-16
1.0360E+01	1.1320E-16
1.0380E+01	1.1480E-16
1.0400E+01	1.1650E-16
1.0420E+01	1.1820E-16
1.0440E+01	1.2000E-16
1.0460E+01	1.2170E-16
1.0490E+01	1.2350E-16
1.0510E+01	1.2520E-16
1.0530E+01	1.2700E-16
1.0550E+01	1.2880E-16
1.0570E+01	1.3060E-16
1.0590E+01	1.3240E-16
1.0610E+01	1.3420E-16
1.0630E+01	1.3610E-16
1.0650E+01	1.3790E-16
1.0680E+01	1.3980E-16
1.0700E+01	1.4170E-16
1.0720E+01	1.4360E-16
1.0740E+01	1.4550E-16
1.0760E+01	1.4750E-16
1.0780E+01	1.4940E-16
1.0800E+01	1.5140E-16
1.0820E+01	1.5330E-16
1.0840E+01	1.5530E-16
1.0870E+01	1.5730E-16
1.0890E+01	1.5930E-16
1.0910E+01	1.6130E-16
1.0930E+01	1.6340E-16
1.0950E+01	1.6540E-16
1.0970E+01	1.6750E-16
1.0990E+01	1.6960E-16
1.1020E+01	1.7170E-16
1.1040E+01	1.7380E-16
1.1060E+01	1.7590E-16
1.1080E+01	1.7800E-16
1.1100E+01	1.8020E-16
1.1120E+01	1.8230E-16
1.1140E+01	1.8450E-16
1.1170E+01	1.8670E-16
1.1190E+01	1.8890E-16
1.1210E+01	1.9110E-16
1.1230E+01	1.9330E-16
1.1250E+01	1.9560E-16
1.1270E+01	1.9780E-16
1.1290E+01	2.0010E-16
1.1320E+01	2.0240E-16
1.1340E+01	2.0470E-16
1.1360E+01	2.0700E-16
1.1380E+01	2.0930E-16
1.1400E+01	2.1160E-16
1.1420E+01	2.1400E-16
1.1450E+01	2.1630E-16
1.1470E+01	2.1870E-16
1.1490E+01	2.2110E-16
1.1510E+01	2.2350E-16
1.1530E+01	2.2590E-16
1.1550E+01	2.2840E-16
1.1580E+01	2.3080E-16
1.1600E+01	2.3330E-16
1.1620E+01	2.3580E-16
1.1640E+01	2.3830E-16
1.1660E+01	2.4080E-16
1.1690E+01	2.4330E-16
1.1710E+01	2.4580E-16
1.1730E+01	2.4840E-16
1.1750E+01	2.5090E-16
1.1770E+01	2.5350E-16
1.1790E+01	2.5610E-16
1.1820E+01	2.5870E-16
1.1840E+01	2.6130E-16
1.1860E+01	2.6390E-16
1.1880E+01	2.6660E-16
1.1900E+01	2.6920E-16
1.1930E+01	2.7190E-16
1.1950E+01	2.7460E-16
1.1970E+01	2.7730E-16
1.1990E+01	2.8000E-16
1.2020E+01	2.8270E-16
1.2040E+01	2.8550E-16
1.2060E+01	2.8820E-16
1.2080E+01	2.9100E-16
1.2100E+01	2.9380E-16
1.2130E+01	2.9660E-16
1.2150E+01	2.9950E-16
1.2170E+01	3.0230E-16
1.2190E+01	3.0510E-16
1.2220E+01	3.0800E-16
1.2240E+01	3.1080E-16
1.2260E+01	3.1370E-16
1.2280E+01	3.1660E-16
1.2300E+01	3.1950E-16
1.2330E+01	3.2240E-16
1.2350E+01	3.2540E-16
1.2370E+01	3.2830E-16
1.2390E+01	3.3130E-16
1.2420E+01	3.3420E-16
1.2440E+01	3.3720E-16
1.2460E+01	3.4020E-16
1.2480E+01	3.4330E-16
1.2510E+01	3.4630E-16
1.2530E+01	3.4930E-16
1.2550E+01	3.5240E-16
1.2580E+01	3.5550E-16
1.2600E+01	3.5850E-16
1.2620E+01	3.6160E-16
1.2640E+01	3.6480E-16
1.2670E+01	3.6790E-16
1.2690E+01	3.7100E-16
1.2710E+01	3.7420E-16
1.2730E+01	3.7730E-16
1.2760E+01	3.8050E-16
1.2780E+01	3.8370E-16
1.2800E+01	3.8690E-16
