4.4610E-02	0.0000E+00
2.1990E-01	0.0000E+00
3.9700E-01	0.0000E+00
5.7060E-01	0.0000E+00
7.4310E-01	2.1180E-26
9.1590E-01	2.3410E-23
1.0900E+00	1.5980E-21
1.2670E+00	2.6010E-20
1.4480E+00	1.8370E-19
1.6340E+00	7.7310E-19
1.8270E+00	2.3230E-18
2.0260E+00	5.5530E-18
2.2330E+00	1.1300E-17
2.4500E+00	2.0450E-17
2.6790E+00	3.3910E-17
2.9190E+00	5.2460E-17
3.1720E+00	7.6610E-17
3.4340E+00	1.0640E-16
3.7020E+00	1.4110E-16
3.9690E+00	1.7970E-16
4.2300E+00	2.2080E-16
4.4780E+00	2.6270E-16
4.7110E+00	3.0420E-16
4.9260E+00	3.4450E-16
5.1220E+00	3.8270E-16
5.3000E+00	4.1860E-16
5.4610E+00	4.5200E-16
5.6070E+00	4.8300E-16
5.7380E+00	5.1170E-16
5.8580E+00	5.3820E-16
5.9670E+00	5.6270E-16
6.0660E+00	5.8540E-16
6.1580E+00	6.0660E-16
6.2420E+00	6.2630E-16
6.3200E+00	6.4480E-16
6.3930E+00	6.6220E-16
6.4610E+00	6.7860E-16
6.5250E+00	6.9410E-16
6.5860E+00	7.0880E-16
6.6430E+00	7.2280E-16
6.6970E+00	7.3620E-16
6.7490E+00	7.4910E-16
6.7990E+00	7.6140E-16
6.8470E+00	7.7340E-16
6.8930E+00	7.8490E-16
6.9370E+00	7.9600E-16
6.9800E+00	8.0680E-16
7.0220E+00	8.1730E-16
7.0620E+00	8.2750E-16
7.1010E+00	8.3740E-16
7.1390E+00	8.4710E-16
7.1780E+00	8.5690E-16
7.2140E+00	8.6620E-16
7.2500E+00	8.7530E-16
7.2840E+00	8.8420E-16
7.3180E+00	8.9300E-16
7.3520E+00	9.0160E-16
7.3850E+00	9.1010E-16
7.4170E+00	9.1840E-16
7.4480E+00	9.2670E-16
7.4800E+00	9.3480E-16
7.5100E+00	9.4280E-16
7.5410E+00	9.5070E-16
7.5700E+00	9.5850E-16
7.6000E+00	9.6620E-16
7.6290E+00	9.7390E-16
7.6580E+00	9.8140E-16
7.6860E+00	9.8890E-16
7.7140E+00	9.9630E-16
7.7420E+00	1.0040E-15
7.7690E+00	1.0110E-15
7.7970E+00	1.0180E-15
7.8240E+00	1.0250E-15
7.8500E+00	1.0320E-15
7.8770E+00	1.0390E-15
7.9030E+00	1.0460E-15
7.9290E+00	1.0530E-15
7.9550E+00	1.0600E-15
7.9800E+00	1.0670E-15
8.0060E+00	1.0740E-15
8.0310E+00	1.0810E-15
8.0560E+00	1.0880E-15
8.0810E+00	1.0940E-15
8.1050E+00	1.1010E-15
8.1300E+00	1.1080E-15
8.1540E+00	1.1140E-15
8.1790E+00	1.1210E-15
8.2030E+00	1.1270E-15
8.2270E+00	1.1340E-15
8.2510E+00	1.1400E-15
8.2750E+00	1.1470E-15
8.2980E+00	1.1530E-15
8.3220E+00	1.1600E-15
8.3450E+00	1.1660E-15
8.3680E+00	1.1720E-15
8.3920E+00	1.1790E-15
8.4150E+00	1.1850E-15
8.4380E+00	1.1910E-15
8.4610E+00	1.1980E-15
8.4840E+00	1.2040E-15
8.5060E+00	1.2100E-15
8.5290E+00	1.2170E-15
8.5520E+00	1.2230E-15
8.5740E+00	1.2290E-15
8.5970E+00	1.2350E-15
8.6190E+00	1.2410E-15
8.6420E+00	1.2480E-15
8.6640E+00	1.2540E-15
8.6860E+00	1.2600E-15
8.7080E+00	1.2660E-15
8.7300E+00	1.2720E-15
8.7520E+00	1.2780E-15
8.7740E+00	1.2840E-15
8.7960E+00	1.2910E-15
8.8180E+00	1.2970E-15
8.8400E+00	1.3030E-15
8.8620E+00	1.3090E-15
8.8830E+00	1.3150E-15
8.9050E+00	1.3210E-15
8.9270E+00	1.3270E-15
8.9480E+00	1.3330E-15
8.9700E+00	1.3390E-15
8.9920E+00	1.3450E-15
9.0130E+00	1.3510E-15
9.0340E+00	1.3570E-15
9.0560E+00	1.3630E-15
9.0770E+00	1.3690E-15
9.0980E+00	1.3750E-15
9.1200E+00	1.3810E-15
9.1410E+00	1.3870E-15
9.1620E+00	1.3930E-15
9.1840E+00	1.3990E-15
9.2050E+00	1.4050E-15
9.2260E+00	1.4110E-15
9.2470E+00	1.4170E-15
9.2690E+00	1.4230E-15
9.2900E+00	1.4290E-15
9.3110E+00	1.4350E-15
9.3320E+00	1.4410E-15
9.3530E+00	1.4470E-15
9.3740E+00	1.4530E-15
9.3950E+00	1.4590E-15
9.4160E+00	1.4650E-15
9.4370E+00	1.4710E-15
9.4580E+00	1.4770E-15
9.4790E+00	1.4830E-15
9.5000E+00	1.4890E-15
9.5220E+00	1.4950E-15
9.5430E+00	1.5010E-15
9.5640E+00	1.5070E-15
9.5850E+00	1.5130E-15
9.6060E+00	1.5190E-15
9.6270E+00	1.5250E-15
9.6470E+00	1.5310E-15
9.6680E+00	1.5370E-15
9.6890E+00	1.5430E-15
9.7100E+00	1.5480E-15
9.7310E+00	1.5540E-15
9.7520E+00	1.5600E-15
9.7730E+00	1.5660E-15
9.7940E+00	1.5720E-15
9.8150E+00	1.5780E-15
9.8360E+00	1.5840E-15
9.8570E+00	1.5900E-15
9.8780E+00	1.5960E-15
9.8990E+00	1.6020E-15
9.9190E+00	1.6080E-15
9.9400E+00	1.6140E-15
9.9610E+00	1.6200E-15
9.9820E+00	1.6260E-15
1.0000E+01	1.6320E-15
1.0020E+01	1.6380E-15
1.0040E+01	1.6440E-15
1.0070E+01	1.6500E-15
1.0090E+01	1.6560E-15
1.0110E+01	1.6620E-15
1.0130E+01	1.6680E-15
1.0150E+01	1.6740E-15
1.0170E+01	1.6800E-15
1.0190E+01	1.6860E-15
1.0210E+01	1.6930E-15
1.0230E+01	1.6990E-15
1.0250E+01	1.7050E-15
1.0280E+01	1.7110E-15
1.0300E+01	1.7170E-15
1.0320E+01	1.7230E-15
1.0340E+01	1.7290E-15
1.0360E+01	1.7350E-15
1.0380E+01	1.7410E-15
1.0400E+01	1.7470E-15
1.0420E+01	1.7530E-15
1.0440E+01	1.7590E-15
1.0460E+01	1.7650E-15
1.0490E+01	1.7710E-15
1.0510E+01	1.7770E-15
1.0530E+01	1.7840E-15
1.0550E+01	1.7900E-15
1.0570E+01	1.7960E-15
1.0590E+01	1.8020E-15
1.0610E+01	1.8080E-15
1.0630E+01	1.8140E-15
1.0650E+01	1.8200E-15
1.0680E+01	1.8260E-15
1.0700E+01	1.8320E-15
1.0720E+01	1.8390E-15
1.0740E+01	1.8450E-15
1.0760E+01	1.8510E-15
1.0780E+01	1.8570E-15
1.0800E+01	1.8630E-15
1.0820E+01	1.8690E-15
1.0840E+01	1.8750E-15
1.0870E+01	1.8820E-15
1.0890E+01	1.8880E-15
1.0910E+01	1.8940E-15
1.0930E+01	1.9000E-15
1.0950E+01	1.9060E-15
1.0970E+01	1.9130E-15
1.0990E+01	1.9190E-15
1.1020E+01	1.9250E-15
1.1040E+01	1.9310E-15
1.1060E+01	1.9370E-15
1.1080E+01	1.9440E-15
1.1100E+01	1.9500E-15
1.1120E+01	1.9560E-15
1.1140E+01	1.9620E-15
1.1170E+01	1.9690E-15
1.1190E+01	1.9750E-15
1.1210E+01	1.9810E-15
1.1230E+01	1.9870E-15
1.1250E+01	1.9940E-15
1.1270E+01	2.0000E-15
1.1290E+01	2.0060E-15
1.1320E+01	2.0120E-15
1.1340E+01	2.0190E-15
1.1360E+01	2.0250E-15
1.1380E+01	2.0310E-15
1.1400E+01	2.0380E-15
1.1420E+01	2.0440E-15
1.1450E+01	2.0500E-15
1.1470E+01	2.0560E-15
1.1490E+01	2.0630E-15
1.1510E+01	2.0690E-15
1.1530E+01	2.0750E-15
1.1550E+01	2.0820E-15
1.1580E+01	2.0880E-15
1.1600E+01	2.0940E-15
1.1620E+01	2.1010E-15
1.1640E+01	2.1070E-15
1.1660E+01	2.1140E-15
1.1690E+01	2.1200E-15
1.1710E+01	2.1260E-15
1.1730E+01	2.1330E-15
1.1750E+01	2.1390E-15
1.1770E+01	2.1450E-15
1.1790E+01	2.1520E-15
1.1820E+01	2.1580E-15
1.1840E+01	2.1650E-15
1.1860E+01	2.1710E-15
1.1880E+01	2.1780E-15
1.1900E+01	2.1840E-15
1.1930E+01	2.1900E-15
1.1950E+01	2.1970E-15
1.1970E+01	2.2030E-15
1.1990E+01	2.2100E-15
1.2020E+01	2.2160E-15
1.2040E+01	2.2230E-15
1.2060E+01	2.2290E-15
1.2080E+01	2.2360E-15
1.2100E+01	2.2420E-15
1.2130E+01	2.2490E-15
1.2150E+01	2.2550E-15
1.2170E+01	2.2610E-15
1.2190E+01	2.2680E-15
1.2220E+01	2.2740E-15
1.2240E+01	2.2810E-15
1.2260E+01	2.2870E-15
1.2280E+01	2.2940E-15
1.2300E+01	2.3010E-15
1.2330E+01	2.3070E-15
1.2350E+01	2.3140E-15
1.2370E+01	2.3200E-15
1.2390E+01	2.3270E-15
1.2420E+01	2.3330E-15
1.2440E+01	2.3400E-15
1.2460E+01	2.3460E-15
1.2480E+01	2.3530E-15
1.2510E+01	2.3600E-15
1.2530E+01	2.3660E-15
1.2550E+01	2.3730E-15
1.2580E+01	2.3790E-15
1.2600E+01	2.3860E-15
1.2620E+01	2.3930E-15
1.2640E+01	2.3990E-15
1.2670E+01	2.4060E-15
1.2690E+01	2.4120E-15
1.2710E+01	2.4190E-15
1.2730E+01	2.4260E-15
1.2760E+01	2.4320E-15
1.2780E+01	2.4390E-15
1.2800E+01	2.4460E-15
