4.4610E-02	6.4780E-15
2.1990E-01	1.6400E-14
3.9700E-01	2.2980E-14
5.7060E-01	2.8180E-14
7.4310E-01	3.2620E-14
9.1590E-01	3.6550E-14
1.0900E+00	4.0100E-14
1.2670E+00	4.3370E-14
1.4480E+00	4.6390E-14
1.6340E+00	4.9210E-14
1.8270E+00	5.1850E-14
2.0260E+00	5.4320E-14
2.2330E+00	5.6650E-14
2.4500E+00	5.8840E-14
2.6790E+00	6.0890E-14
2.9190E+00	6.2820E-14
3.1720E+00	6.4610E-14
3.4340E+00	6.6250E-14
3.7020E+00	6.7740E-14
3.9690E+00	6.9060E-14
4.2300E+00	7.0210E-14
4.4780E+00	7.1200E-14
4.7110E+00	7.2040E-14
4.9260E+00	7.2740E-14
5.1220E+00	7.3320E-14
5.3000E+00	7.3810E-14
5.4610E+00	7.4210E-14
5.6070E+00	7.4550E-14
5.7380E+00	7.4840E-14
5.8580E+00	7.5080E-14
5.9670E+00	7.5280E-14
6.0660E+00	7.5460E-14
6.1580E+00	7.5610E-14
6.2420E+00	7.5740E-14
6.3200E+00	7.5860E-14
6.3930E+00	7.5960E-14
6.4610E+00	7.6050E-14
6.5250E+00	7.6140E-14
6.5860E+00	7.6220E-14
6.6430E+00	7.6280E-14
6.6970E+00	7.6350E-14
6.7490E+00	7.6410E-14
6.7990E+00	7.6460E-14
6.8470E+00	7.6520E-14
6.8930E+00	7.6560E-14
6.9370E+00	7.6610E-14
6.9800E+00	7.6650E-14
7.0220E+00	7.6690E-14
7.0620E+00	7.6730E-14
7.1010E+00	7.6770E-14
7.1390E+00	7.6800E-14
7.1780E+00	7.6840E-14
7.2140E+00	7.6870E-14
7.2500E+00	7.6900E-14
7.2840E+00	7.6930E-14
7.3180E+00	7.6950E-14
7.3520E+00	7.6980E-14
7.3850E+00	7.7010E-14
7.4170E+00	7.7030E-14
7.4480E+00	7.7050E-14
7.4800E+00	7.7080E-14
7.5100E+00	7.7100E-14
7.5410E+00	7.7120E-14
7.5700E+00	7.7140E-14
7.6000E+00	7.7160E-14
7.6290E+00	7.7180E-14
7.6580E+00	7.7190E-14
7.6860E+00	7.7210E-14
7.7140E+00	7.7230E-14
7.7420E+00	7.7240E-14
7.7690E+00	7.7260E-14
7.7970E+00	7.7270E-14
7.8240E+00	7.7290E-14
7.8500E+00	7.7300E-14
7.8770E+00	7.7310E-14
7.9030E+00	7.7330E-14
7.9290E+00	7.7340E-14
7.9550E+00	7.7350E-14
7.9800E+00	7.7360E-14
8.0060E+00	7.7370E-14
8.0310E+00	7.7380E-14
8.0560E+00	7.7390E-14
8.0810E+00	7.7400E-14
8.1050E+00	7.7410E-14
8.1300E+00	7.7420E-14
8.1540E+00	7.7430E-14
8.1790E+00	7.7440E-14
8.2030E+00	7.7440E-14
8.2270E+00	7.7450E-14
8.2510E+00	7.7460E-14
8.2750E+00	7.7460E-14
8.2980E+00	7.7470E-14
8.3220E+00	7.7480E-14
8.3450E+00	7.7480E-14
8.3680E+00	7.7490E-14
8.3920E+00	7.7500E-14
8.4150E+00	7.7500E-14
8.4380E+00	7.7510E-14
8.4610E+00	7.7510E-14
8.4840E+00	7.7510E-14
8.5060E+00	7.7520E-14
8.5290E+00	7.7520E-14
8.5520E+00	7.7530E-14
8.5740E+00	7.7530E-14
8.5970E+00	7.7530E-14
8.6190E+00	7.7540E-14
8.6420E+00	7.7540E-14
8.6640E+00	7.7540E-14
8.6860E+00	7.7540E-14
8.7080E+00	7.7550E-14
8.7300E+00	7.7550E-14
8.7520E+00	7.7550E-14
8.7740E+00	7.7550E-14
8.7960E+00	7.7550E-14
8.8180E+00	7.7560E-14
8.8400E+00	7.7560E-14
8.8620E+00	7.7560E-14
8.8830E+00	7.7560E-14
8.9050E+00	7.7560E-14
8.9270E+00	7.7560E-14
8.9480E+00	7.7560E-14
8.9700E+00	7.7560E-14
8.9920E+00	7.7560E-14
9.0130E+00	7.7560E-14
9.0340E+00	7.7560E-14
9.0560E+00	7.7560E-14
9.0770E+00	7.7560E-14
9.0980E+00	7.7560E-14
9.1200E+00	7.7560E-14
9.1410E+00	7.7560E-14
9.1620E+00	7.7560E-14
9.1840E+00	7.7550E-14
9.2050E+00	7.7550E-14
9.2260E+00	7.7550E-14
9.2470E+00	7.7550E-14
9.2690E+00	7.7550E-14
9.2900E+00	7.7550E-14
9.3110E+00	7.7540E-14
9.3320E+00	7.7540E-14
9.3530E+00	7.7540E-14
9.3740E+00	7.7540E-14
9.3950E+00	7.7530E-14
9.4160E+00	7.7530E-14
9.4370E+00	7.7530E-14
9.4580E+00	7.7530E-14
9.4790E+00	7.7520E-14
9.5000E+00	7.7520E-14
9.5220E+00	7.7520E-14
9.5430E+00	7.7510E-14
9.5640E+00	7.7510E-14
9.5850E+00	7.7510E-14
9.6060E+00	7.7500E-14
9.6270E+00	7.7500E-14
9.6470E+00	7.7490E-14
9.6680E+00	7.7490E-14
9.6890E+00	7.7490E-14
9.7100E+00	7.7480E-14
9.7310E+00	7.7480E-14
9.7520E+00	7.7470E-14
9.7730E+00	7.7470E-14
9.7940E+00	7.7460E-14
9.8150E+00	7.7460E-14
9.8360E+00	7.7450E-14
9.8570E+00	7.7450E-14
9.8780E+00	7.7440E-14
9.8990E+00	7.7440E-14
9.9190E+00	7.7430E-14
9.9400E+00	7.7430E-14
9.9610E+00	7.7420E-14
9.9820E+00	7.7420E-14
1.0000E+01	7.7410E-14
1.0020E+01	7.7410E-14
1.0040E+01	7.7400E-14
1.0070E+01	7.7390E-14
1.0090E+01	7.7390E-14
1.0110E+01	7.7380E-14
1.0130E+01	7.7380E-14
1.0150E+01	7.7370E-14
1.0170E+01	7.7360E-14
1.0190E+01	7.7360E-14
1.0210E+01	7.7350E-14
1.0230E+01	7.7340E-14
1.0250E+01	7.7340E-14
1.0280E+01	7.7330E-14
1.0300E+01	7.7320E-14
1.0320E+01	7.7310E-14
1.0340E+01	7.7310E-14
1.0360E+01	7.7300E-14
1.0380E+01	7.7290E-14
1.0400E+01	7.7290E-14
1.0420E+01	7.7280E-14
1.0440E+01	7.7270E-14
1.0460E+01	7.7260E-14
1.0490E+01	7.7260E-14
1.0510E+01	7.7250E-14
1.0530E+01	7.7240E-14
1.0550E+01	7.7230E-14
1.0570E+01	7.7220E-14
1.0590E+01	7.7220E-14
1.0610E+01	7.7210E-14
1.0630E+01	7.7200E-14
1.0650E+01	7.7190E-14
1.0680E+01	7.7180E-14
1.0700E+01	7.7170E-14
1.0720E+01	7.7170E-14
1.0740E+01	7.7160E-14
1.0760E+01	7.7150E-14
1.0780E+01	7.7140E-14
1.0800E+01	7.7130E-14
1.0820E+01	7.7120E-14
1.0840E+01	7.7110E-14
1.0870E+01	7.7100E-14
1.0890E+01	7.7090E-14
1.0910E+01	7.7080E-14
1.0930E+01	7.7080E-14
1.0950E+01	7.7070E-14
1.0970E+01	7.7060E-14
1.0990E+01	7.7050E-14
1.1020E+01	7.7040E-14
1.1040E+01	7.7030E-14
1.1060E+01	7.7020E-14
1.1080E+01	7.7010E-14
1.1100E+01	7.7000E-14
1.1120E+01	7.6990E-14
1.1140E+01	7.6980E-14
1.1170E+01	7.6970E-14
1.1190E+01	7.6960E-14
1.1210E+01	7.6950E-14
1.1230E+01	7.6940E-14
1.1250E+01	7.6930E-14
1.1270E+01	7.6920E-14
1.1290E+01	7.6910E-14
1.1320E+01	7.6900E-14
1.1340E+01	7.6890E-14
1.1360E+01	7.6880E-14
1.1380E+01	7.6870E-14
1.1400E+01	7.6850E-14
1.1420E+01	7.6840E-14
1.1450E+01	7.6830E-14
1.1470E+01	7.6820E-14
1.1490E+01	7.6810E-14
1.1510E+01	7.6800E-14
1.1530E+01	7.6790E-14
1.1550E+01	7.6780E-14
1.1580E+01	7.6770E-14
1.1600E+01	7.6760E-14
1.1620E+01	7.6740E-14
1.1640E+01	7.6730E-14
1.1660E+01	7.6720E-14
1.1690E+01	7.6710E-14
1.1710E+01	7.6700E-14
1.1730E+01	7.6690E-14
1.1750E+01	7.6670E-14
1.1770E+01	7.6660E-14
1.1790E+01	7.6650E-14
1.1820E+01	7.6640E-14
1.1840E+01	7.6630E-14
1.1860E+01	7.6620E-14
1.1880E+01	7.6600E-14
1.1900E+01	7.6590E-14
1.1930E+01	7.6580E-14
1.1950E+01	7.6570E-14
1.1970E+01	7.6550E-14
1.1990E+01	7.6540E-14
1.2020E+01	7.6530E-14
1.2040E+01	7.6520E-14
1.2060E+01	7.6510E-14
1.2080E+01	7.6490E-14
1.2100E+01	7.6480E-14
1.2130E+01	7.6470E-14
1.2150E+01	7.6460E-14
1.2170E+01	7.6440E-14
1.2190E+01	7.6430E-14
1.2220E+01	7.6420E-14
1.2240E+01	7.6400E-14
1.2260E+01	7.6390E-14
1.2280E+01	7.6380E-14
1.2300E+01	7.6370E-14
1.2330E+01	7.6350E-14
1.2350E+01	7.6340E-14
1.2370E+01	7.6330E-14
1.2390E+01	7.6310E-14
1.2420E+01	7.6300E-14
1.2440E+01	7.6290E-14
1.2460E+01	7.6270E-14
1.2480E+01	7.6260E-14
1.2510E+01	7.6250E-14
1.2530E+01	7.6230E-14
1.2550E+01	7.6220E-14
1.2580E+01	7.6210E-14
1.2600E+01	7.6190E-14
1.2620E+01	7.6180E-14
1.2640E+01	7.6170E-14
1.2670E+01	7.6150E-14
1.2690E+01	7.6140E-14
1.2710E+01	7.6120E-14
1.2730E+01	7.6110E-14
1.2760E+01	7.6100E-14
1.2780E+01	7.6080E-14
1.2800E+01	7.6070E-14
